Time,Channel A,Channel B,Channel C
(us),(V),(V),(V)

-1.00800003,0.00000000,0.00000000,0.00000000
-1.00400003,0.00000000,0.00000000,0.00000000
-1.00000003,0.00000000,0.00000000,0.00000000
-0.99600003,0.00000000,0.00000000,0.00000000
-0.99200003,0.00000000,0.00000000,0.00000000
-0.98800003,0.00000000,0.00000000,0.00000000
-0.98400003,-0.01611713,0.00000000,0.00000000
-0.98000003,0.00000000,0.01605561,0.00000000
-0.97600003,-0.01611713,0.01605561,0.00000000
-0.97200003,0.00000000,0.00000000,0.00000000
-0.96800003,0.00000000,0.00000000,0.00000000
-0.96400003,0.00000000,0.00000000,0.00000000
-0.96000003,0.00000000,0.00000000,0.00000000
-0.95600003,0.00000000,0.00000000,0.00000000
-0.95200003,0.00000000,0.00000000,0.00000000
-0.94800003,0.00000000,0.00000000,0.00000000
-0.94400003,0.00000000,0.00000000,0.01605561
-0.94000003,0.00000000,0.00000000,0.00000000
-0.93600003,0.00000000,0.01605561,0.00000000
-0.93200003,0.00000000,0.00000000,0.00000000
-0.92800003,0.00000000,0.00000000,0.00000000
-0.92400003,0.00000000,0.00000000,0.00000000
-0.92000003,0.00000000,0.00000000,0.00000000
-0.91600003,0.00000000,0.00000000,0.00000000
-0.91200003,0.00000000,0.01605561,0.00000000
-0.90800003,0.00000000,0.00000000,0.00000000
-0.90400003,0.00000000,0.00000000,0.00000000
-0.90000003,0.00000000,0.00000000,0.00000000
-0.89600003,0.00000000,0.00000000,0.01605561
-0.89200003,0.00000000,0.00000000,0.00000000
-0.88800003,0.00000000,0.00000000,0.00000000
-0.88400003,0.00000000,0.01605561,0.01605561
-0.88000003,0.00000000,0.01605561,0.00000000
-0.87600003,0.00000000,0.01605561,0.00000000
-0.87200003,0.00000000,0.01605561,0.00000000
-0.86800003,0.00000000,0.00000000,0.00000000
-0.86400003,0.00000000,0.00000000,0.00000000
-0.86000003,0.00000000,0.00000000,0.00000000
-0.85600003,0.00000000,0.00000000,0.00000000
-0.85200003,0.00000000,0.01605561,0.00000000
-0.84800003,0.00000000,0.00000000,0.00000000
-0.84400003,0.00000000,0.00000000,0.00000000
-0.84000003,0.00000000,0.01605561,0.00000000
-0.83600003,0.00000000,0.00000000,0.00000000
-0.83200003,0.00000000,0.01605561,0.00000000
-0.82800003,0.00000000,0.01605561,0.00000000
-0.82400003,0.00000000,0.01605561,0.00000000
-0.82000003,0.00000000,0.00000000,0.00000000
-0.81600003,0.00000000,0.00000000,0.00000000
-0.81200003,0.00000000,0.00000000,0.00000000
-0.80800003,0.00000000,0.01605561,0.00000000
-0.80400003,0.00000000,0.00000000,0.00000000
-0.80000003,0.00000000,0.00000000,0.00000000
-0.79600003,0.00000000,0.00000000,0.00000000
-0.79200003,0.00000000,0.00000000,0.00000000
-0.78800003,0.00000000,0.01605561,0.00000000
-0.78400003,0.00000000,0.01605561,0.00000000
-0.78000003,-0.01611713,0.00000000,0.00000000
-0.77600003,0.00000000,0.00000000,0.00000000
-0.77200003,0.00000000,0.00000000,0.00000000
-0.76800003,0.00000000,0.00000000,0.00000000
-0.76400003,0.00000000,0.00000000,0.00000000
-0.76000003,0.00000000,0.01605561,0.00000000
-0.75600003,0.00000000,0.00000000,0.00000000
-0.75200003,0.00000000,0.00000000,0.00000000
-0.74800003,0.00000000,0.00000000,0.00000000
-0.74400003,0.00000000,0.00000000,0.00000000
-0.74000003,0.00000000,0.00000000,0.00000000
-0.73600003,0.00000000,0.01605561,0.00000000
-0.73200003,0.00000000,0.00000000,0.00000000
-0.72800003,0.00000000,0.00000000,0.00000000
-0.72400003,0.00000000,0.01605561,0.00000000
-0.72000003,0.00000000,0.00000000,0.00000000
-0.71600003,0.00000000,0.00000000,0.00000000
-0.71200003,0.00000000,0.00000000,0.00000000
-0.70800004,0.00000000,0.00000000,0.00000000
-0.70400004,0.00000000,0.00000000,0.00000000
-0.70000004,0.00000000,0.00000000,0.00000000
-0.69600004,0.00000000,0.00000000,0.01605561
-0.69200004,0.00000000,0.00000000,0.00000000
-0.68800004,0.00000000,0.00000000,0.00000000
-0.68400004,-0.01611713,0.00000000,0.00000000
-0.68000004,0.00000000,0.00000000,0.00000000
-0.67600004,0.00000000,0.00000000,0.00000000
-0.67200004,0.00000000,0.01605561,0.00000000
-0.66800004,0.00000000,0.00000000,0.00000000
-0.66400004,0.00000000,0.00000000,0.00000000
-0.66000004,0.00000000,0.01605561,0.00000000
-0.65600004,0.00000000,0.00000000,0.00000000
-0.65200004,0.00000000,0.01605561,0.00000000
-0.64800004,0.00000000,0.00000000,0.00000000
-0.64400004,0.00000000,0.01605561,0.00000000
-0.64000004,0.00000000,0.00000000,0.00000000
-0.63600004,0.00000000,0.00000000,0.00000000
-0.63200004,0.00000000,0.00000000,0.00000000
-0.62800004,0.00000000,0.00000000,0.00000000
-0.62400004,0.00000000,0.00000000,0.00000000
-0.62000004,0.00000000,0.00000000,0.00000000
-0.61600004,0.00000000,0.01605561,0.00000000
-0.61200004,0.00000000,0.00000000,0.00000000
-0.60800004,0.00000000,0.00000000,0.00000000
-0.60400004,0.00000000,0.00000000,0.00000000
-0.60000004,0.00000000,0.00000000,0.00000000
-0.59600004,-0.01611713,0.01605561,0.00000000
-0.59200004,0.00000000,0.00000000,0.00000000
-0.58800004,0.00000000,0.00000000,0.00000000
-0.58400004,0.00000000,0.00000000,0.00000000
-0.58000004,0.00000000,0.00000000,0.00000000
-0.57600004,0.00000000,0.01605561,0.00000000
-0.57200004,0.00000000,0.00000000,0.00000000
-0.56800004,0.00000000,0.00000000,0.00000000
-0.56400004,0.00000000,0.00000000,0.00000000
-0.56000004,0.00000000,0.00000000,0.00000000
-0.55600004,0.00000000,0.00000000,0.00000000
-0.55200004,0.00000000,0.00000000,0.00000000
-0.54800004,0.00000000,0.00000000,0.00000000
-0.54400004,0.00000000,0.00000000,0.00000000
-0.54000004,0.00000000,0.00000000,0.00000000
-0.53600004,0.00000000,0.00000000,0.00000000
-0.53200004,0.00000000,0.01605561,0.00000000
-0.52800004,0.00000000,0.01605561,0.00000000
-0.52400004,0.00000000,0.01605561,0.00000000
-0.52000004,0.00000000,0.00000000,0.00000000
-0.51600004,-0.01611713,0.00000000,0.00000000
-0.51200004,0.00000000,0.00000000,0.00000000
-0.50800004,0.00000000,0.00000000,0.01605561
-0.50400004,0.00000000,0.00000000,0.00000000
-0.50000004,0.00000000,0.00000000,0.00000000
-0.49600004,-0.01611713,0.00000000,0.00000000
-0.49200004,0.00000000,0.01605561,0.00000000
-0.48800004,0.00000000,0.00000000,0.00000000
-0.48400004,0.00000000,0.00000000,0.00000000
-0.48000004,0.00000000,0.00000000,0.00000000
-0.47600004,0.00000000,0.00000000,0.00000000
-0.47200004,0.00000000,0.00000000,0.00000000
-0.46800004,0.00000000,0.00000000,0.00000000
-0.46400004,0.00000000,0.01605561,0.00000000
-0.46000004,0.00000000,0.01605561,0.00000000
-0.45600004,0.00000000,0.00000000,0.00000000
-0.45200004,0.00000000,0.01605561,0.00000000
-0.44800004,0.00000000,0.00000000,0.00000000
-0.44400004,0.00000000,0.00000000,0.00000000
-0.44000004,0.00000000,0.00000000,0.00000000
-0.43600004,0.00000000,0.00000000,0.00000000
-0.43200004,0.00000000,0.01605561,0.00000000
-0.42800004,0.00000000,0.00000000,0.00000000
-0.42400004,0.00000000,0.00000000,0.00000000
-0.42000004,-0.01611713,0.00000000,0.00000000
-0.41600004,0.00000000,0.01605561,0.00000000
-0.41200004,0.00000000,0.00000000,0.00000000
-0.40800004,0.00000000,0.00000000,0.00000000
-0.40400004,0.00000000,0.00000000,0.00000000
-0.40000004,0.00000000,0.00000000,0.00000000
-0.39600004,0.00000000,0.00000000,0.00000000
-0.39200004,0.00000000,0.00000000,0.00000000
-0.38800004,0.00000000,0.00000000,0.00000000
-0.38400004,-0.01611713,0.00000000,0.00000000
-0.38000004,0.00000000,0.00000000,0.00000000
-0.37600004,0.00000000,0.00000000,0.00000000
-0.37200004,0.00000000,0.00000000,0.00000000
-0.36800004,0.00000000,0.01605561,0.00000000
-0.36400004,-0.01611713,0.00000000,0.00000000
-0.36000004,0.00000000,0.01605561,0.00000000
-0.35600004,0.00000000,0.00000000,0.00000000
-0.35200005,0.00000000,0.00000000,0.00000000
-0.34800005,0.00000000,0.00000000,0.00000000
-0.34400005,0.00000000,0.00000000,0.00000000
-0.34000005,0.00000000,0.00000000,0.00000000
-0.33600005,0.00000000,0.00000000,0.00000000
-0.33200005,0.00000000,0.00000000,0.00000000
-0.32800005,0.00000000,0.00000000,0.00000000
-0.32400005,0.00000000,0.00000000,0.00000000
-0.32000005,-0.01611713,0.00000000,0.00000000
-0.31600005,0.00000000,0.00000000,0.00000000
-0.31200005,0.00000000,0.00000000,0.00000000
-0.30800005,0.00000000,0.00000000,0.00000000
-0.30400005,0.00000000,0.00000000,0.00000000
-0.30000005,0.00000000,0.00000000,0.00000000
-0.29600005,0.00000000,0.00000000,0.00000000
-0.29200005,0.00000000,0.00000000,0.00000000
-0.28800005,0.00000000,0.00000000,0.00000000
-0.28400005,0.00000000,0.00000000,0.00000000
-0.28000005,0.00000000,0.00000000,0.00000000
-0.27600005,0.00000000,0.01605561,0.00000000
-0.27200005,0.00000000,0.01605561,0.00000000
-0.26800005,0.00000000,0.00000000,0.00000000
-0.26400005,0.00000000,0.00000000,0.00000000
-0.26000005,0.00000000,0.00000000,0.00000000
-0.25600005,0.00000000,0.00000000,0.00000000
-0.25200005,0.00000000,0.00000000,0.00000000
-0.24800005,0.00000000,0.00000000,0.00000000
-0.24400005,0.00000000,0.00000000,0.00000000
-0.24000005,0.00000000,0.00000000,0.00000000
-0.23600005,0.00000000,0.00000000,0.00000000
-0.23200005,0.00000000,0.00000000,0.00000000
-0.22800005,0.00000000,0.00000000,0.00000000
-0.22400005,0.00000000,0.00000000,0.01605561
-0.22000005,0.00000000,0.01605561,0.00000000
-0.21600005,0.00000000,0.00000000,0.00000000
-0.21200005,0.00000000,0.00000000,0.00000000
-0.20800005,0.00000000,0.00000000,0.00000000
-0.20400005,0.00000000,0.01605561,0.00000000
-0.20000005,0.00000000,0.01605561,0.00000000
-0.19600005,0.00000000,0.01605561,0.00000000
-0.19200005,0.00000000,0.00000000,0.00000000
-0.18800005,-0.01611713,0.00000000,0.00000000
-0.18400005,0.00000000,0.00000000,0.00000000
-0.18000005,0.00000000,0.00000000,0.00000000
-0.17600005,0.00000000,0.00000000,0.00000000
-0.17200005,0.00000000,0.01605561,0.00000000
-0.16800005,0.00000000,0.00000000,0.00000000
-0.16400005,0.00000000,0.00000000,0.00000000
-0.16000005,0.00000000,0.00000000,0.00000000
-0.15600005,0.00000000,0.00000000,0.00000000
-0.15200005,0.00000000,0.00000000,0.00000000
-0.14800005,0.00000000,0.00000000,0.00000000
-0.14400005,0.00000000,0.00000000,0.00000000
-0.14000005,0.00000000,0.00000000,0.00000000
-0.13600005,0.00000000,0.00000000,0.00000000
-0.13200005,0.00000000,0.00000000,0.01605561
-0.12800005,0.00000000,0.00000000,0.00000000
-0.12400005,0.00000000,0.00000000,0.00000000
-0.12000005,0.00000000,0.00000000,0.00000000
-0.11600005,0.00000000,0.01605561,0.00000000
-0.11200005,0.00000000,0.00000000,0.00000000
-0.10800005,0.00000000,0.00000000,0.00000000
-0.10400005,0.00000000,0.01605561,0.00000000
-0.10000005,0.00000000,0.00000000,0.00000000
-0.09600005,0.00000000,0.00000000,0.00000000
-0.09200005,0.00000000,0.01605561,0.00000000
-0.08800005,0.00000000,0.00000000,0.00000000
-0.08400005,0.00000000,0.00000000,0.01605561
-0.08000005,0.00000000,0.00000000,0.00000000
-0.07600005,0.00000000,0.00000000,0.00000000
-0.07200005,0.00000000,0.00000000,0.01605561
-0.06800005,0.00000000,0.00000000,0.00000000
-0.06400005,0.00000000,0.01605561,0.00000000
-0.06000005,0.00000000,0.01605561,0.00000000
-0.05600005,0.00000000,0.01605561,0.00000000
-0.05200005,0.00000000,0.00000000,0.00000000
-0.04800005,0.00000000,0.00000000,0.00000000
-0.04400005,0.00000000,0.00000000,0.00000000
-0.04000005,0.00000000,0.00000000,0.00000000
-0.03600005,0.00000000,0.00000000,0.00000000
-0.03200005,0.00000000,0.00000000,0.00000000
-0.02800005,0.00000000,0.00000000,0.00000000
-0.02400005,0.00000000,0.01605561,0.00000000
-0.02000005,0.00000000,0.00000000,0.00000000
-0.01600005,0.00000000,0.00000000,0.00000000
-0.01200005,0.00000000,0.00000000,0.00000000
-0.00800005,0.00000000,0.00000000,0.00000000
-0.00400005,0.00000000,0.00000000,0.00000000
-0.00000006,0.00000000,0.00000000,0.00000000
0.00399994,0.00000000,0.00000000,0.00000000
0.00799994,0.00000000,0.00000000,0.00000000
0.01199994,0.00000000,0.00000000,0.00000000
0.01599994,0.00000000,0.00000000,0.00000000
0.01999994,0.00000000,0.00000000,0.00000000
0.02399994,0.00000000,0.00000000,0.00000000
0.02799994,0.00000000,0.00000000,0.00000000
0.03199994,0.00000000,0.00000000,0.00000000
0.03599994,-0.01611713,0.00000000,0.00000000
0.03999994,0.00000000,0.00000000,0.00000000
0.04399994,0.00000000,0.00000000,0.00000000
0.04799994,0.00000000,0.00000000,0.00000000
0.05199994,0.00000000,0.00000000,0.00000000
0.05599994,0.00000000,0.00000000,0.00000000
0.05999994,0.00000000,0.00000000,0.00000000
0.06399994,-0.01611713,0.00000000,0.00000000
0.06799994,-0.01611713,0.00000000,0.00000000
0.07199994,0.00000000,0.00000000,0.00000000
0.07599994,0.00000000,0.01605561,0.00000000
0.07999994,0.00000000,0.01605561,0.00000000
0.08399994,0.00000000,0.00000000,0.00000000
0.08799994,0.00000000,0.00000000,0.00000000
0.09199994,0.00000000,0.00000000,0.00000000
0.09599994,0.00000000,0.00000000,0.00000000
0.09999994,-0.22643946,0.00000000,0.00000000
0.10399994,-0.42058316,0.00000000,0.00000000
0.10799994,-0.46911910,0.00000000,0.00000000
0.11199994,-0.46911910,0.00000000,0.00000000
0.11599994,-0.46911910,0.00000000,0.00000000
0.11999994,-0.48529774,0.01605561,0.00000000
0.12399994,-0.48529774,0.00000000,0.00000000
0.12799994,-0.50147635,0.00000000,0.00000000
0.13199994,-0.50147635,0.00000000,0.00000000
0.13599994,-0.50147635,0.00000000,0.00000000
0.13999994,-0.51765501,0.00000000,0.00000000
0.14399994,-0.51765501,0.00000000,0.00000000
0.14799994,-0.51765501,0.00000000,0.00000000
0.15199994,-0.51765501,0.01605561,0.00000000
0.15599994,-0.51765501,0.01605561,0.00000000
0.15999994,-0.50147635,0.01605561,0.00000000
0.16399994,-0.24261811,0.00000000,0.00000000
0.16799994,-0.12936762,0.00000000,-0.01605561
0.17199994,-0.09701034,0.00000000,0.00000000
0.17599994,-0.06465305,0.00000000,0.00000000
0.17999994,-0.06465305,0.00000000,0.00000000
0.18399994,-0.04847441,0.00000000,0.00000000
0.18799994,-0.04847441,0.01605561,0.01605561
0.19199994,-0.04847441,0.00000000,0.00000000
0.19599994,-0.04847441,0.00000000,0.00000000
0.19999994,-0.04847441,0.00000000,-0.11257382
0.20399994,-0.04847441,0.00000000,-0.45047984
0.20799994,-0.03229577,0.00000000,-0.59528792
0.21199994,-0.03229577,0.00000000,-0.61140501
0.21599994,-0.03229577,0.00000000,-0.64357775
0.21999994,-0.03229577,0.00000000,-0.64357775
0.22399994,-0.01611713,0.00000000,-0.64357775
0.22799994,-0.03229577,0.00000000,-0.64357775
0.23199994,-0.03229577,0.00000000,-0.67575049
0.23599994,-0.03229577,0.01605561,-0.65963334
0.23999994,-0.03229577,0.00000000,-0.67575049
0.24399994,-0.03229577,0.00000000,-0.67575049
0.24799994,-0.01611713,0.01605561,-0.67575049
0.25199994,-0.01611713,0.01605561,-0.69180608
0.25599994,-0.01611713,0.00000000,-0.61140501
0.25999994,-0.03229577,0.00000000,-0.25738189
0.26399994,-0.01611713,0.00000000,-0.11257382
0.26799994,-0.01611713,0.00000000,-0.08040109
0.27199994,-0.01611713,0.00000000,-0.04822835
0.27599994,-0.03229577,0.00000000,-0.04822835
0.27999994,-0.01611713,0.01605561,-0.04822835
0.28399994,-0.01611713,0.01605561,-0.03217274
0.28799994,-0.01611713,0.00000000,-0.01605561
0.29199994,-0.01611713,0.00000000,-0.03217274
0.29599994,-0.01611713,0.00000000,-0.03217274
0.29999994,-0.01611713,0.00000000,-0.03217274
0.30399994,-0.01611713,0.00000000,-0.03217274
0.30799994,-0.01611713,0.00000000,-0.03217274
0.31199994,-0.01611713,0.00000000,-0.01605561
0.31599994,-0.01611713,0.00000000,-0.01605561
0.31999994,-0.01611713,0.00000000,-0.01605561
0.32399994,-0.01611713,0.00000000,-0.01605561
0.32799994,-0.01611713,0.00000000,-0.01605561
0.33199994,-0.01611713,0.00000000,-0.01605561
0.33599994,-0.01611713,0.00000000,-0.01605561
0.33999994,-0.01611713,0.00000000,-0.01605561
0.34399994,-0.01611713,0.00000000,-0.01605561
0.34799994,-0.01611713,0.01605561,-0.01605561
0.35199993,-0.01611713,0.01605561,-0.01605561
0.35599993,0.00000000,0.00000000,-0.01605561
0.35999993,0.00000000,0.00000000,-0.01605561
0.36399993,0.00000000,0.00000000,0.00000000
0.36799993,-0.01611713,0.00000000,0.00000000
0.37199993,0.00000000,0.01605561,-0.01605561
0.37599993,-0.01611713,0.00000000,-0.01605561
0.37999993,0.00000000,0.00000000,-0.01605561
0.38399993,0.00000000,0.00000000,0.00000000
0.38799993,0.00000000,0.00000000,0.00000000
0.39199993,0.00000000,0.01605561,-0.01605561
0.39599993,0.00000000,0.00000000,0.00000000
0.39999993,0.00000000,0.00000000,0.00000000
0.40399993,0.00000000,0.00000000,0.00000000
0.40799993,-0.01611713,0.00000000,0.00000000
0.41199993,0.00000000,0.00000000,0.00000000
0.41599993,-0.01611713,0.00000000,0.00000000
0.41999993,0.00000000,0.01605561,0.00000000
0.42399993,0.00000000,0.00000000,0.00000000
0.42799993,0.00000000,0.00000000,0.00000000
0.43199993,0.00000000,0.00000000,0.00000000
0.43599993,0.00000000,0.00000000,0.00000000
0.43999993,0.00000000,0.00000000,0.00000000
0.44399993,-0.01611713,0.00000000,0.00000000
0.44799993,0.00000000,0.00000000,0.00000000
0.45199993,0.00000000,0.01605561,0.00000000
0.45599993,0.00000000,0.00000000,0.00000000
0.45999993,-0.01611713,0.00000000,0.00000000
0.46399993,-0.01611713,0.01605561,0.00000000
0.46799993,-0.01611713,0.00000000,0.00000000
0.47199993,0.00000000,0.00000000,0.00000000
0.47599993,0.00000000,0.00000000,0.00000000
0.47999993,0.00000000,0.01605561,0.00000000
0.48399993,0.00000000,0.00000000,0.00000000
0.48799993,0.00000000,0.00000000,0.00000000
0.49199993,0.00000000,0.00000000,0.00000000
0.49599993,0.00000000,0.00000000,0.00000000
0.49999993,0.00000000,0.00000000,0.00000000
0.50399993,0.00000000,0.00000000,0.00000000
0.50799993,0.00000000,0.00000000,0.00000000
0.51199993,0.00000000,0.00000000,0.00000000
0.51599993,0.00000000,0.00000000,0.00000000
0.51999993,-0.01611713,0.00000000,0.00000000
0.52399993,0.00000000,0.00000000,0.00000000
0.52799993,0.00000000,0.00000000,0.00000000
0.53199993,0.00000000,0.00000000,0.00000000
0.53599993,0.00000000,0.00000000,0.00000000
0.53999993,0.00000000,0.00000000,0.00000000
0.54399993,0.00000000,0.00000000,0.00000000
0.54799993,0.00000000,0.00000000,0.00000000
0.55199993,0.00000000,0.00000000,0.00000000
0.55599993,0.00000000,0.00000000,0.00000000
0.55999993,0.00000000,0.00000000,0.00000000
0.56399993,0.00000000,0.00000000,0.00000000
0.56799993,0.00000000,0.00000000,0.00000000
0.57199993,0.00000000,0.01605561,0.00000000
0.57599993,0.00000000,0.00000000,0.00000000
0.57999993,0.00000000,0.00000000,0.00000000
0.58399993,0.00000000,0.00000000,0.00000000
0.58799993,0.00000000,0.00000000,0.00000000
0.59199993,0.00000000,0.00000000,0.00000000
0.59599993,-0.01611713,0.00000000,0.00000000
0.59999993,0.00000000,0.01605561,0.00000000
0.60399993,0.00000000,0.00000000,0.00000000
0.60799993,0.00000000,0.00000000,0.00000000
0.61199993,-0.01611713,0.00000000,0.00000000
0.61599993,0.00000000,0.01605561,0.00000000
0.61999993,0.00000000,0.00000000,0.00000000
0.62399993,0.00000000,0.00000000,0.00000000
0.62799993,0.00000000,0.00000000,0.00000000
0.63199993,0.00000000,0.00000000,0.00000000
0.63599993,0.00000000,0.00000000,0.00000000
0.63999993,0.00000000,0.00000000,0.00000000
0.64399993,0.00000000,0.00000000,0.00000000
0.64799993,-0.01611713,0.00000000,0.00000000
0.65199993,0.00000000,0.00000000,0.00000000
0.65599993,0.00000000,0.00000000,0.00000000
0.65999993,0.00000000,0.00000000,0.00000000
0.66399993,0.00000000,0.00000000,0.00000000
0.66799993,0.00000000,0.00000000,0.00000000
0.67199993,0.00000000,0.00000000,0.00000000
0.67599993,0.00000000,0.01605561,0.00000000
0.67999993,0.00000000,0.01605561,0.00000000
0.68399993,0.00000000,0.00000000,0.00000000
0.68799993,0.00000000,0.00000000,0.00000000
0.69199993,0.00000000,0.00000000,0.00000000
0.69599993,0.00000000,0.01605561,0.00000000
0.69999993,0.00000000,0.01605561,0.00000000
0.70399993,0.00000000,0.01605561,0.00000000
0.70799992,0.00000000,0.00000000,0.01605561
0.71199992,0.00000000,0.00000000,0.00000000
0.71599992,0.00000000,0.00000000,0.00000000
0.71999992,-0.01611713,0.00000000,0.00000000
0.72399992,0.00000000,0.01605561,0.00000000
0.72799992,0.00000000,0.00000000,0.00000000
0.73199992,-0.01611713,0.00000000,0.01605561
0.73599992,0.00000000,0.00000000,0.00000000
0.73999992,0.00000000,0.00000000,0.00000000
0.74399992,-0.01611713,0.00000000,0.00000000
0.74799992,0.00000000,0.00000000,0.00000000
0.75199992,0.00000000,0.00000000,0.00000000
0.75599992,0.00000000,0.00000000,0.00000000
0.75999992,0.00000000,0.00000000,0.00000000
0.76399992,0.00000000,0.00000000,0.00000000
0.76799992,0.00000000,0.00000000,0.00000000
0.77199992,0.00000000,0.00000000,0.00000000
0.77599992,0.00000000,0.01605561,0.00000000
0.77999992,0.00000000,0.00000000,0.00000000
0.78399992,0.00000000,0.00000000,0.00000000
0.78799992,0.00000000,0.00000000,0.01605561
0.79199992,-0.01611713,0.00000000,0.00000000
0.79599992,0.00000000,0.00000000,0.00000000
0.79999992,0.00000000,0.00000000,0.00000000
0.80399992,0.00000000,0.00000000,0.00000000
0.80799992,0.00000000,0.00000000,0.00000000
0.81199992,0.00000000,0.00000000,0.00000000
0.81599992,0.00000000,0.00000000,0.00000000
0.81999992,0.00000000,0.00000000,0.00000000
0.82399992,0.00000000,0.01605561,0.01605561
0.82799992,-0.01611713,0.00000000,0.00000000
0.83199992,0.00000000,0.01605561,0.00000000
0.83599992,-0.01611713,0.00000000,0.00000000
0.83999992,0.00000000,0.00000000,0.00000000
0.84399992,0.00000000,0.00000000,0.00000000
0.84799992,-0.01611713,0.00000000,0.00000000
0.85199992,0.00000000,0.00000000,0.00000000
0.85599992,0.00000000,0.00000000,0.00000000
0.85999992,0.00000000,0.00000000,0.00000000
0.86399992,0.00000000,0.00000000,0.00000000
0.86799992,0.00000000,0.00000000,0.00000000
0.87199992,-0.01611713,0.00000000,0.00000000
0.87599992,0.00000000,0.00000000,0.00000000
0.87999992,0.00000000,0.00000000,0.00000000
0.88399992,-0.01611713,0.00000000,0.00000000
0.88799992,0.00000000,0.00000000,0.00000000
0.89199992,0.00000000,0.00000000,0.00000000
0.89599992,0.00000000,0.00000000,0.00000000
0.89999992,0.00000000,0.00000000,0.00000000
0.90399992,0.00000000,0.00000000,0.00000000
0.90799992,0.00000000,0.01605561,0.00000000
0.91199992,-0.01611713,0.00000000,0.00000000
0.91599992,0.00000000,0.00000000,0.00000000
0.91999992,0.00000000,0.00000000,0.00000000
0.92399992,-0.01611713,0.00000000,0.00000000
0.92799992,0.00000000,0.00000000,0.00000000
0.93199992,0.00000000,0.00000000,0.00000000
0.93599992,0.00000000,0.00000000,0.00000000
0.93999992,0.00000000,0.00000000,0.00000000
0.94399992,0.00000000,0.00000000,0.00000000
0.94799992,-0.01611713,0.00000000,0.00000000
0.95199992,0.00000000,0.00000000,0.00000000
0.95599992,0.00000000,0.00000000,0.00000000
0.95999992,0.00000000,0.00000000,0.00000000
0.96399992,0.00000000,0.00000000,0.00000000
0.96799992,0.00000000,0.01605561,0.00000000
0.97199992,0.00000000,0.00000000,0.00000000
0.97599992,0.00000000,0.01605561,0.00000000
0.97999992,0.00000000,0.00000000,0.00000000
0.98399992,0.00000000,0.00000000,0.00000000
0.98799992,0.00000000,0.00000000,0.00000000
0.99199992,0.00000000,0.00000000,0.00000000
0.99599992,0.00000000,0.00000000,0.00000000
0.99999992,0.00000000,0.00000000,0.00000000
1.00399992,0.00000000,0.00000000,0.00000000
1.00799992,0.00000000,0.01605561,0.00000000
1.01199992,0.00000000,0.00000000,0.00000000
1.01599992,0.00000000,0.00000000,0.00000000
1.01999992,0.00000000,0.00000000,0.00000000
1.02399992,0.00000000,0.00000000,0.00000000
1.02799992,-0.01611713,0.00000000,0.00000000
1.03199992,0.00000000,0.00000000,0.00000000
1.03599992,0.00000000,0.00000000,0.00000000
1.03999992,0.00000000,0.00000000,0.00000000
1.04399992,0.00000000,0.00000000,0.00000000
1.04799992,0.00000000,0.00000000,0.00000000
1.05199992,0.00000000,0.00000000,0.00000000
1.05599992,0.00000000,0.00000000,0.00000000
1.05999991,0.00000000,0.00000000,0.00000000
1.06399991,0.00000000,0.00000000,0.00000000
1.06799991,0.00000000,0.00000000,0.00000000
1.07199991,0.00000000,0.00000000,0.00000000
1.07599991,-0.01611713,0.00000000,0.00000000
1.07999991,0.00000000,0.00000000,0.00000000
1.08399991,0.00000000,0.00000000,0.00000000
1.08799991,0.00000000,0.00000000,0.00000000
1.09199991,0.00000000,0.00000000,0.00000000
1.09599991,0.00000000,0.00000000,0.00000000
1.09999991,-0.01611713,0.00000000,0.00000000
1.10399991,0.00000000,0.00000000,0.00000000
1.10799991,0.00000000,0.00000000,0.00000000
1.11199991,0.00000000,0.00000000,0.00000000
1.11599991,0.00000000,0.00000000,0.00000000
1.11999991,0.00000000,0.00000000,0.00000000
1.12399991,0.00000000,0.00000000,0.00000000
1.12799991,0.00000000,0.00000000,0.00000000
1.13199991,0.00000000,0.00000000,0.00000000
1.13599991,0.00000000,0.01605561,0.00000000
1.13999991,0.00000000,0.01605561,0.00000000
1.14399991,0.00000000,0.01605561,0.00000000
1.14799991,0.00000000,0.00000000,0.00000000
1.15199991,0.00000000,0.00000000,0.00000000
1.15599991,-0.01611713,0.00000000,0.00000000
1.15999991,0.00000000,0.00000000,0.00000000
1.16399991,0.00000000,0.00000000,0.00000000
1.16799991,0.00000000,0.00000000,0.00000000
1.17199991,0.00000000,0.00000000,0.00000000
1.17599991,0.00000000,0.00000000,0.00000000
1.17999991,0.00000000,0.00000000,0.00000000
1.18399991,0.00000000,0.00000000,0.00000000
1.18799991,0.00000000,0.00000000,0.01605561
1.19199991,0.00000000,0.00000000,0.00000000
1.19599991,0.00000000,0.00000000,0.00000000
1.19999991,0.00000000,0.00000000,0.00000000
1.20399991,0.00000000,0.00000000,0.00000000
1.20799991,0.00000000,0.00000000,0.00000000
1.21199991,0.00000000,0.00000000,0.00000000
1.21599991,0.00000000,0.01605561,0.00000000
1.21999991,0.00000000,0.00000000,0.00000000
1.22399991,0.00000000,0.00000000,0.00000000
1.22799991,0.00000000,0.00000000,0.00000000
1.23199991,0.00000000,0.01605561,0.00000000
1.23599991,0.00000000,0.00000000,0.00000000
1.23999991,0.00000000,0.01605561,0.00000000
1.24399991,0.00000000,0.00000000,0.00000000
1.24799991,0.00000000,0.00000000,0.00000000
1.25199991,-0.01611713,0.00000000,0.00000000
1.25599991,0.00000000,0.00000000,0.00000000
1.25999991,0.00000000,0.00000000,0.00000000
1.26399991,0.00000000,0.00000000,0.00000000
1.26799991,0.00000000,0.00000000,0.00000000
1.27199991,0.00000000,0.00000000,0.00000000
1.27599991,0.00000000,0.00000000,0.00000000
1.27999991,0.00000000,0.00000000,0.00000000
1.28399991,0.00000000,0.00000000,0.01605561
1.28799991,0.00000000,0.01605561,0.00000000
1.29199991,-0.01611713,0.00000000,0.00000000
1.29599991,0.00000000,0.00000000,0.00000000
1.29999991,0.00000000,0.00000000,0.00000000
1.30399991,0.00000000,0.00000000,0.00000000
1.30799991,0.00000000,0.00000000,0.00000000
1.31199991,0.00000000,0.00000000,0.00000000
1.31599991,0.00000000,0.01605561,0.00000000
1.31999991,0.00000000,0.00000000,0.00000000
1.32399991,0.00000000,0.00000000,0.00000000
1.32799991,-0.01611713,0.00000000,0.00000000
1.33199991,0.00000000,0.00000000,0.00000000
1.33599991,0.00000000,0.00000000,0.00000000
1.33999991,0.00000000,0.00000000,0.00000000
1.34399991,0.00000000,0.00000000,0.00000000
1.34799991,0.00000000,0.00000000,0.00000000
1.35199991,0.00000000,0.00000000,0.00000000
1.35599991,0.00000000,0.00000000,0.00000000
1.35999991,0.00000000,0.00000000,0.01605561
1.36399991,0.00000000,0.00000000,0.00000000
1.36799991,0.00000000,0.00000000,0.00000000
1.37199991,0.00000000,0.00000000,0.00000000
1.37599991,0.00000000,0.01605561,0.00000000
1.37999991,0.00000000,0.00000000,0.01605561
1.38399991,0.00000000,0.00000000,0.00000000
1.38799991,0.00000000,0.00000000,0.00000000
1.39199991,0.00000000,0.00000000,0.00000000
1.39599991,0.00000000,0.00000000,0.00000000
1.39999991,0.00000000,0.00000000,0.00000000
1.40399991,0.00000000,0.01605561,0.00000000
1.40799991,0.00000000,0.00000000,0.00000000
1.41199990,0.00000000,0.00000000,0.00000000
1.41599990,0.00000000,0.00000000,0.00000000
1.41999990,0.00000000,0.00000000,0.00000000
1.42399990,0.00000000,0.00000000,0.00000000
1.42799990,0.00000000,0.00000000,0.00000000
1.43199990,0.00000000,0.00000000,0.00000000
1.43599990,-0.01611713,0.00000000,0.00000000
1.43999990,0.00000000,0.00000000,0.01605561
1.44399990,0.00000000,0.00000000,0.00000000
1.44799990,0.00000000,0.00000000,0.00000000
1.45199990,0.00000000,0.00000000,0.00000000
1.45599990,0.00000000,0.01605561,0.00000000
1.45999990,0.00000000,0.00000000,0.00000000
1.46399990,0.00000000,0.00000000,0.00000000
1.46799990,-0.01611713,0.00000000,0.00000000
1.47199990,0.00000000,0.00000000,0.00000000
1.47599990,0.00000000,0.00000000,0.00000000
1.47999990,0.00000000,0.01605561,0.01605561
1.48399990,0.00000000,0.01605561,0.00000000
1.48799990,0.00000000,0.00000000,0.00000000
1.49199990,0.00000000,0.00000000,0.00000000
1.49599990,-0.01611713,0.00000000,0.00000000
1.49999990,0.00000000,0.00000000,0.00000000
1.50399990,0.00000000,0.00000000,0.00000000
1.50799990,0.00000000,0.00000000,0.00000000
1.51199990,0.00000000,0.00000000,0.00000000
1.51599990,0.00000000,0.00000000,0.01605561
1.51999990,0.00000000,0.00000000,0.00000000
1.52399990,0.00000000,0.00000000,0.00000000
1.52799990,0.00000000,0.00000000,0.00000000
1.53199990,0.00000000,0.00000000,0.00000000
1.53599990,0.00000000,0.00000000,0.00000000
1.53999990,0.00000000,0.00000000,0.00000000
1.54399990,0.00000000,0.00000000,0.00000000
1.54799990,-0.01611713,0.00000000,0.00000000
1.55199990,0.00000000,0.00000000,0.00000000
1.55599990,-0.01611713,0.00000000,0.00000000
1.55999990,0.00000000,0.00000000,0.00000000
1.56399990,0.00000000,0.00000000,0.00000000
1.56799990,0.00000000,0.01605561,0.00000000
1.57199990,0.00000000,0.00000000,0.00000000
1.57599990,0.00000000,0.00000000,0.00000000
1.57999990,0.00000000,0.00000000,0.00000000
1.58399990,0.00000000,0.00000000,0.00000000
1.58799990,0.00000000,0.00000000,0.00000000
1.59199990,0.00000000,0.01605561,0.00000000
1.59599990,0.00000000,0.01605561,0.00000000
1.59999990,0.00000000,0.00000000,0.00000000
1.60399990,0.00000000,0.00000000,0.00000000
1.60799990,0.00000000,0.00000000,0.00000000
1.61199990,0.00000000,0.00000000,0.00000000
1.61599990,0.00000000,0.00000000,0.00000000
1.61999990,0.00000000,0.00000000,0.00000000
1.62399990,0.00000000,0.00000000,0.00000000
1.62799990,0.00000000,0.00000000,0.00000000
1.63199990,0.00000000,0.00000000,0.00000000
1.63599990,0.00000000,0.00000000,0.00000000
1.63999990,0.00000000,0.01605561,0.00000000
1.64399990,0.00000000,0.00000000,0.00000000
1.64799990,0.00000000,0.00000000,0.00000000
1.65199990,0.00000000,0.00000000,0.00000000
1.65599990,0.00000000,0.00000000,0.00000000
1.65999990,0.00000000,0.00000000,0.00000000
1.66399990,0.00000000,0.01605561,0.00000000
1.66799990,0.00000000,0.00000000,0.00000000
1.67199990,0.00000000,0.01605561,0.00000000
1.67599990,0.00000000,0.00000000,0.00000000
1.67999990,0.00000000,0.00000000,0.00000000
1.68399990,0.00000000,0.00000000,0.00000000
1.68799990,0.00000000,0.00000000,0.00000000
1.69199990,0.00000000,0.00000000,0.00000000
1.69599990,0.00000000,0.00000000,0.00000000
1.69999990,0.00000000,0.00000000,0.00000000
1.70399990,0.00000000,0.00000000,0.00000000
1.70799990,0.00000000,0.00000000,0.00000000
1.71199990,0.00000000,0.00000000,0.00000000
1.71599990,0.00000000,0.01605561,0.00000000
1.71999990,0.00000000,0.00000000,0.00000000
1.72399990,0.00000000,0.00000000,0.00000000
1.72799990,0.00000000,0.00000000,0.00000000
1.73199990,0.00000000,0.00000000,0.00000000
1.73599990,0.00000000,0.00000000,0.00000000
1.73999990,0.00000000,0.00000000,0.00000000
1.74399990,0.00000000,0.00000000,0.00000000
1.74799990,0.00000000,0.00000000,0.00000000
1.75199990,0.00000000,0.00000000,0.00000000
1.75599990,0.00000000,0.00000000,0.00000000
1.75999990,0.00000000,0.00000000,0.01605561
1.76399990,0.00000000,0.00000000,0.00000000
1.76799989,0.00000000,0.00000000,0.00000000
1.77199989,0.00000000,0.00000000,0.00000000
1.77599989,0.00000000,0.00000000,0.00000000
1.77999989,0.00000000,0.00000000,0.00000000
1.78399989,0.00000000,0.00000000,0.00000000
1.78799989,0.00000000,0.00000000,0.00000000
1.79199989,0.00000000,0.01605561,0.00000000
1.79599989,-0.01611713,0.00000000,0.00000000
1.79999989,0.00000000,0.00000000,0.00000000
1.80399989,0.00000000,0.00000000,0.00000000
1.80799989,0.00000000,0.00000000,0.00000000
1.81199989,0.00000000,0.00000000,0.00000000
1.81599989,0.00000000,0.00000000,0.00000000
1.81999989,0.00000000,0.00000000,0.00000000
1.82399989,0.00000000,0.00000000,0.00000000
1.82799989,0.00000000,0.00000000,0.00000000
1.83199989,0.00000000,0.00000000,0.00000000
1.83599989,0.00000000,0.01605561,0.00000000
1.83999989,0.00000000,0.00000000,0.00000000
1.84399989,0.00000000,0.00000000,0.00000000
1.84799989,0.00000000,0.00000000,0.00000000
1.85199989,0.00000000,0.00000000,0.00000000
1.85599989,0.00000000,0.00000000,0.00000000
1.85999989,0.00000000,0.00000000,0.00000000
1.86399989,0.00000000,0.00000000,0.00000000
1.86799989,0.00000000,0.00000000,0.00000000
1.87199989,0.00000000,0.00000000,0.00000000
1.87599989,0.00000000,0.00000000,0.00000000
1.87999989,0.00000000,0.00000000,0.00000000
1.88399989,0.00000000,0.00000000,0.00000000
1.88799989,0.00000000,0.00000000,0.00000000
1.89199989,0.00000000,0.00000000,0.00000000
1.89599989,0.00000000,0.00000000,0.00000000
1.89999989,0.00000000,0.01605561,0.00000000
1.90399989,0.00000000,0.00000000,0.00000000
1.90799989,-0.01611713,0.00000000,0.00000000
1.91199989,0.00000000,0.00000000,0.00000000
1.91599989,0.00000000,0.00000000,0.00000000
1.91999989,0.00000000,0.00000000,0.00000000
1.92399989,0.00000000,0.00000000,0.00000000
1.92799989,0.00000000,0.01605561,0.00000000
1.93199989,0.00000000,0.00000000,0.00000000
1.93599989,0.00000000,0.01605561,0.00000000
1.93999989,0.00000000,0.01605561,0.00000000
1.94399989,0.00000000,0.00000000,0.00000000
1.94799989,0.00000000,0.00000000,0.00000000
1.95199989,0.00000000,0.01605561,0.00000000
1.95599989,0.00000000,0.00000000,0.00000000
1.95999989,0.00000000,0.00000000,0.00000000
1.96399989,0.00000000,0.01605561,0.00000000
1.96799989,0.00000000,0.00000000,0.00000000
1.97199989,0.00000000,0.00000000,0.00000000
1.97599989,0.00000000,0.00000000,0.00000000
1.97999989,0.00000000,0.00000000,0.00000000
1.98399989,0.00000000,0.01605561,0.00000000
1.98799989,0.00000000,0.00000000,0.00000000
1.99199989,0.00000000,0.00000000,0.00000000
1.99599989,0.00000000,0.00000000,0.00000000
1.99999989,-0.01611713,0.00000000,0.00000000
2.00399989,0.00000000,0.00000000,0.00000000
2.00799989,0.00000000,0.00000000,0.00000000
2.01199989,0.00000000,0.00000000,0.00000000
2.01599989,0.00000000,0.00000000,0.00000000
2.01999989,0.00000000,0.00000000,0.00000000
2.02399989,-0.01611713,0.00000000,0.00000000
2.02799989,0.00000000,0.00000000,0.00000000
2.03199989,0.00000000,0.01605561,0.00000000
2.03599989,0.00000000,0.00000000,0.00000000
2.03999989,0.00000000,0.01605561,0.00000000
2.04399989,0.00000000,0.00000000,0.00000000
2.04799989,0.00000000,0.00000000,0.00000000
2.05199989,0.00000000,0.01605561,0.00000000
2.05599989,0.00000000,0.00000000,0.00000000
2.05999989,0.00000000,0.00000000,0.00000000
2.06399989,0.00000000,0.01605561,0.00000000
2.06799989,0.00000000,0.00000000,0.00000000
2.07199989,0.00000000,0.00000000,0.00000000
2.07599989,0.00000000,0.00000000,0.00000000
2.07999989,0.00000000,0.00000000,0.00000000
2.08399989,0.00000000,0.00000000,0.00000000
2.08799989,0.00000000,0.00000000,0.00000000
2.09199989,0.00000000,0.00000000,0.00000000
2.09599989,0.00000000,0.00000000,0.00000000
2.09999989,0.00000000,0.01605561,0.00000000
2.10399989,0.00000000,0.00000000,0.00000000
2.10799989,0.00000000,0.01605561,0.00000000
2.11199989,-0.01611713,0.00000000,0.00000000
2.11599989,0.00000000,0.00000000,0.00000000
2.11999988,0.00000000,0.00000000,0.00000000
2.12399988,0.00000000,0.00000000,0.01605561
2.12799988,0.00000000,0.00000000,0.00000000
2.13199988,0.00000000,0.01605561,0.00000000
2.13599988,0.00000000,0.00000000,0.00000000
2.13999988,0.00000000,0.00000000,0.00000000
2.14399988,0.00000000,0.01605561,0.00000000
2.14799988,0.00000000,0.00000000,0.00000000
2.15199988,0.00000000,0.00000000,0.00000000
2.15599988,0.00000000,0.00000000,0.00000000
2.15999988,0.00000000,0.00000000,0.00000000
2.16399988,0.00000000,0.00000000,0.00000000
2.16799988,0.00000000,0.00000000,0.00000000
2.17199988,0.00000000,0.00000000,0.00000000
2.17599988,0.00000000,0.00000000,0.00000000
2.17999988,0.00000000,0.00000000,0.00000000
2.18399988,0.00000000,0.00000000,0.00000000
2.18799988,0.00000000,0.00000000,0.01605561
2.19199988,0.00000000,0.00000000,0.00000000
2.19599988,0.00000000,0.00000000,0.00000000
2.19999988,0.00000000,0.00000000,0.00000000
2.20399988,0.00000000,0.00000000,0.00000000
2.20799988,0.00000000,0.00000000,0.01605561
2.21199988,0.00000000,0.00000000,0.00000000
2.21599988,0.00000000,0.00000000,0.00000000
2.21999988,0.00000000,0.00000000,0.00000000
2.22399988,0.00000000,0.00000000,0.01605561
2.22799988,0.00000000,0.00000000,0.00000000
2.23199988,0.00000000,0.00000000,0.00000000
2.23599988,0.00000000,0.00000000,0.00000000
2.23999988,0.00000000,0.00000000,0.00000000
2.24399988,0.00000000,0.00000000,0.00000000
2.24799988,0.00000000,0.00000000,0.00000000
2.25199988,0.00000000,0.01605561,0.00000000
2.25599988,0.00000000,0.00000000,0.00000000
2.25999988,0.00000000,0.01605561,0.00000000
2.26399988,0.00000000,0.00000000,0.00000000
2.26799988,0.00000000,0.00000000,0.01605561
2.27199988,0.00000000,0.00000000,0.00000000
2.27599988,0.00000000,0.00000000,0.00000000
2.27999988,0.00000000,0.00000000,0.00000000
2.28399988,0.00000000,0.00000000,0.00000000
2.28799988,0.00000000,0.01605561,0.00000000
2.29199988,0.00000000,0.00000000,0.01605561
2.29599988,-0.01611713,0.00000000,0.00000000
2.29999988,0.00000000,0.00000000,0.00000000
2.30399988,0.00000000,0.00000000,0.00000000
2.30799988,0.00000000,0.00000000,0.00000000
2.31199988,0.00000000,0.00000000,0.00000000
2.31599988,0.00000000,0.00000000,0.00000000
2.31999988,0.00000000,0.00000000,0.00000000
2.32399988,0.00000000,0.00000000,0.00000000
2.32799988,0.00000000,0.00000000,0.00000000
2.33199988,0.00000000,0.00000000,0.00000000
2.33599988,0.00000000,0.00000000,0.00000000
2.33999988,0.00000000,0.00000000,0.00000000
2.34399988,0.00000000,0.00000000,0.00000000
2.34799988,0.00000000,0.00000000,0.00000000
2.35199988,0.00000000,0.00000000,0.00000000
2.35599988,0.00000000,0.00000000,0.00000000
2.35999988,0.00000000,0.00000000,0.00000000
2.36399988,0.00000000,0.00000000,0.01605561
2.36799988,0.00000000,0.00000000,0.00000000
2.37199988,0.00000000,0.01605561,0.00000000
2.37599988,0.00000000,0.00000000,0.00000000
2.37999988,0.00000000,0.00000000,0.00000000
2.38399988,0.00000000,0.00000000,0.00000000
2.38799988,0.00000000,0.00000000,0.00000000
2.39199988,0.00000000,0.00000000,0.00000000
2.39599988,0.00000000,0.00000000,0.00000000
2.39999988,0.00000000,0.00000000,0.00000000
2.40399988,0.00000000,0.00000000,0.00000000
2.40799988,0.00000000,0.01605561,0.00000000
2.41199988,0.00000000,0.00000000,0.00000000
2.41599988,0.00000000,0.00000000,0.00000000
2.41999988,0.00000000,0.00000000,0.00000000
2.42399988,0.00000000,0.00000000,0.00000000
2.42799988,0.00000000,0.00000000,0.00000000
2.43199988,0.00000000,0.00000000,0.00000000
2.43599988,0.00000000,0.00000000,0.00000000
2.43999988,0.00000000,0.00000000,0.00000000
2.44399988,0.00000000,0.00000000,0.00000000
2.44799988,0.00000000,0.00000000,0.00000000
2.45199988,0.00000000,0.00000000,0.00000000
2.45599988,0.00000000,0.01605561,0.00000000
2.45999988,0.00000000,0.00000000,0.01605561
2.46399988,0.00000000,0.01605561,0.00000000
2.46799988,0.00000000,0.00000000,0.00000000
2.47199988,0.00000000,0.00000000,0.00000000
2.47599987,0.00000000,0.00000000,0.00000000
2.47999987,0.00000000,0.00000000,0.00000000
2.48399987,0.00000000,0.00000000,0.00000000
2.48799987,0.00000000,0.01605561,0.00000000
2.49199987,0.00000000,0.00000000,0.00000000
2.49599987,0.00000000,0.00000000,0.00000000
2.49999987,0.00000000,0.01605561,0.00000000
2.50399987,0.00000000,0.00000000,0.00000000
2.50799987,0.00000000,0.00000000,0.00000000
2.51199987,-0.01611713,0.00000000,0.00000000
2.51599987,0.00000000,0.00000000,0.00000000
2.51999987,0.00000000,0.00000000,0.00000000
2.52399987,0.00000000,0.00000000,0.00000000
2.52799987,0.00000000,0.00000000,0.00000000
2.53199987,0.00000000,0.00000000,0.00000000
2.53599987,0.00000000,0.00000000,0.00000000
2.53999987,0.01611713,0.00000000,0.00000000
2.54399987,0.00000000,0.01605561,0.00000000
2.54799987,0.00000000,0.00000000,0.00000000
2.55199987,0.00000000,0.00000000,0.00000000
2.55599987,-0.01611713,0.00000000,0.00000000
2.55999987,0.00000000,0.00000000,0.00000000
2.56399987,0.00000000,0.00000000,0.00000000
2.56799987,0.00000000,0.00000000,0.00000000
2.57199987,0.00000000,0.00000000,0.00000000
2.57599987,0.00000000,0.00000000,0.00000000
2.57999987,0.00000000,0.01605561,0.00000000
2.58399987,0.00000000,0.00000000,0.00000000
2.58799987,0.00000000,0.00000000,0.00000000
2.59199987,0.00000000,0.01605561,0.00000000
2.59599987,0.00000000,0.01605561,0.00000000
2.59999987,0.00000000,0.00000000,0.00000000
2.60399987,0.00000000,0.00000000,0.01605561
2.60799987,0.00000000,0.00000000,0.00000000
2.61199987,0.00000000,0.00000000,0.00000000
2.61599987,0.00000000,0.00000000,0.00000000
2.61999987,0.00000000,0.00000000,0.01605561
2.62399987,0.00000000,0.00000000,0.00000000
2.62799987,0.00000000,0.00000000,0.00000000
2.63199987,0.00000000,0.00000000,0.00000000
2.63599987,0.00000000,0.00000000,0.00000000
2.63999987,0.00000000,0.00000000,0.00000000
2.64399987,0.00000000,0.00000000,0.00000000
2.64799987,0.00000000,0.00000000,0.00000000
2.65199987,0.00000000,0.00000000,0.00000000
2.65599987,0.00000000,0.00000000,0.00000000
2.65999987,0.00000000,0.00000000,0.00000000
2.66399987,0.00000000,0.00000000,0.00000000
2.66799987,0.00000000,0.00000000,0.00000000
2.67199987,0.00000000,0.00000000,0.00000000
2.67599987,0.00000000,0.00000000,0.00000000
2.67999987,0.00000000,0.00000000,0.00000000
2.68399987,0.00000000,0.00000000,0.00000000
2.68799987,0.00000000,0.00000000,0.00000000
2.69199987,0.00000000,0.00000000,0.00000000
2.69599987,0.00000000,0.00000000,0.00000000
2.69999987,0.00000000,0.00000000,0.00000000
2.70399987,0.00000000,0.00000000,0.00000000
2.70799987,0.00000000,0.01605561,0.00000000
2.71199987,0.00000000,0.00000000,0.01605561
2.71599987,-0.01611713,0.00000000,0.00000000
2.71999987,0.00000000,0.00000000,0.00000000
2.72399987,0.00000000,0.00000000,0.00000000
2.72799987,-0.01611713,0.00000000,0.01605561
2.73199987,0.00000000,0.00000000,0.00000000
2.73599987,0.00000000,0.00000000,0.00000000
2.73999987,-0.01611713,0.00000000,0.00000000
2.74399987,0.00000000,0.00000000,0.00000000
2.74799987,0.00000000,0.00000000,0.00000000
2.75199987,0.00000000,0.00000000,0.00000000
2.75599987,0.00000000,0.00000000,0.00000000
2.75999987,0.00000000,0.00000000,0.00000000
2.76399987,0.00000000,0.00000000,0.00000000
2.76799987,0.00000000,0.00000000,0.00000000
2.77199987,0.00000000,0.00000000,0.00000000
2.77599987,0.00000000,0.00000000,0.00000000
2.77999987,-0.01611713,0.00000000,0.00000000
2.78399987,0.00000000,0.00000000,0.00000000
2.78799987,0.00000000,0.00000000,-0.01605561
2.79199987,0.00000000,0.00000000,0.00000000
2.79599987,0.00000000,0.00000000,0.00000000
2.79999987,0.00000000,0.00000000,0.00000000
2.80399987,0.00000000,0.00000000,0.00000000
2.80799987,0.00000000,0.00000000,0.00000000
2.81199987,0.00000000,0.00000000,0.00000000
2.81599987,0.00000000,0.00000000,0.00000000
2.81999987,-0.01611713,0.01605561,0.01605561
2.82399987,0.00000000,0.00000000,0.00000000
2.82799986,0.00000000,0.00000000,0.00000000
2.83199986,0.00000000,0.00000000,0.00000000
2.83599986,0.00000000,0.00000000,0.00000000
2.83999986,0.00000000,0.01605561,0.00000000
2.84399986,0.00000000,0.00000000,0.00000000
2.84799986,0.00000000,0.01605561,0.00000000
2.85199986,0.00000000,0.00000000,0.00000000
2.85599986,0.00000000,0.00000000,0.00000000
2.85999986,0.00000000,0.00000000,0.00000000
2.86399986,0.00000000,0.00000000,0.01605561
2.86799986,0.00000000,0.00000000,0.00000000
2.87199986,0.00000000,0.00000000,0.00000000
2.87599986,0.00000000,0.01605561,0.00000000
2.87999986,0.00000000,0.00000000,0.00000000
2.88399986,0.00000000,0.00000000,0.00000000
2.88799986,0.00000000,0.00000000,0.00000000
2.89199986,0.00000000,0.00000000,0.00000000
2.89599986,0.00000000,0.01605561,0.00000000
2.89999986,0.00000000,0.00000000,0.00000000
2.90399986,0.00000000,0.00000000,0.00000000
2.90799986,0.00000000,0.00000000,0.00000000
2.91199986,0.00000000,0.01605561,0.00000000
2.91599986,0.00000000,0.00000000,0.00000000
2.91999986,-0.01611713,0.00000000,0.01605561
2.92399986,-0.01611713,0.00000000,0.00000000
2.92799986,0.00000000,0.00000000,0.00000000
2.93199986,0.00000000,0.00000000,0.00000000
2.93599986,0.00000000,0.00000000,0.00000000
2.93999986,0.00000000,0.00000000,0.00000000
2.94399986,0.00000000,0.00000000,0.00000000
2.94799986,0.00000000,0.00000000,0.00000000
2.95199986,0.00000000,0.00000000,0.00000000
2.95599986,0.00000000,0.00000000,0.00000000
2.95999986,0.00000000,0.00000000,0.00000000
2.96399986,0.00000000,0.00000000,0.00000000
2.96799986,0.00000000,0.00000000,0.01605561
2.97199986,0.00000000,0.00000000,0.00000000
2.97599986,0.00000000,0.00000000,0.00000000
2.97999986,0.00000000,0.00000000,0.00000000
2.98399986,0.00000000,0.00000000,0.00000000
2.98799986,0.00000000,0.00000000,0.00000000
2.99199986,0.00000000,0.00000000,0.00000000
2.99599986,0.00000000,0.00000000,0.00000000
2.99999986,0.00000000,0.01605561,0.00000000
3.00399986,0.00000000,0.00000000,0.00000000
3.00799986,0.00000000,0.00000000,0.00000000
3.01199986,0.00000000,0.00000000,0.00000000
3.01599986,0.00000000,0.00000000,0.00000000
3.01999986,0.00000000,0.00000000,0.00000000
3.02399986,0.00000000,0.00000000,0.00000000
3.02799986,0.00000000,0.00000000,0.00000000
3.03199986,0.00000000,0.00000000,0.00000000
3.03599986,0.00000000,0.00000000,0.01605561
3.03999986,0.00000000,0.00000000,0.00000000
3.04399986,0.00000000,0.00000000,0.00000000
3.04799986,-0.01611713,0.00000000,0.00000000
3.05199986,0.00000000,0.01605561,0.00000000
3.05599986,0.00000000,0.00000000,0.00000000
3.05999986,0.00000000,0.00000000,0.00000000
3.06399986,0.00000000,0.00000000,0.00000000
3.06799986,0.00000000,0.00000000,0.00000000
3.07199986,0.00000000,0.00000000,0.00000000
3.07599986,0.00000000,0.00000000,0.00000000
3.07999986,0.00000000,0.00000000,0.00000000
3.08399986,0.00000000,0.00000000,0.00000000
3.08799986,0.00000000,0.01605561,0.00000000
3.09199986,0.00000000,0.00000000,0.00000000
3.09599986,0.00000000,0.00000000,0.00000000
3.09999986,0.00000000,0.00000000,0.00000000
3.10399986,0.00000000,0.00000000,0.00000000
3.10799986,0.00000000,0.00000000,0.00000000
3.11199986,0.00000000,0.00000000,0.00000000
3.11599986,0.00000000,0.00000000,0.00000000
3.11999986,0.00000000,0.00000000,0.00000000
3.12399986,0.00000000,0.00000000,0.00000000
3.12799986,0.00000000,0.00000000,0.01605561
3.13199986,0.00000000,0.00000000,0.00000000
3.13599986,0.00000000,0.00000000,0.00000000
3.13999986,0.00000000,0.00000000,0.00000000
3.14399986,-0.01611713,0.00000000,0.00000000
3.14799986,0.00000000,0.00000000,0.00000000
3.15199986,0.00000000,0.00000000,0.00000000
3.15599986,0.00000000,0.00000000,0.00000000
3.15999986,0.00000000,0.00000000,0.00000000
3.16399986,0.00000000,0.00000000,0.00000000
3.16799986,0.00000000,0.00000000,0.00000000
3.17199986,0.00000000,0.00000000,0.00000000
3.17599986,0.00000000,0.00000000,0.00000000
3.17999985,0.00000000,0.00000000,0.00000000
3.18399985,0.00000000,0.00000000,0.00000000
3.18799985,0.00000000,0.00000000,0.00000000
3.19199985,0.00000000,0.00000000,0.00000000
3.19599985,0.00000000,0.00000000,0.00000000
3.19999985,0.00000000,0.01605561,0.00000000
3.20399985,-0.01611713,0.00000000,0.00000000
3.20799985,0.00000000,0.00000000,0.00000000
3.21199985,0.00000000,0.00000000,0.00000000
3.21599985,0.00000000,0.01605561,0.00000000
3.21999985,-0.01611713,0.01605561,0.00000000
3.22399985,0.00000000,0.01605561,0.00000000
3.22799985,0.00000000,0.00000000,0.00000000
3.23199985,0.00000000,0.00000000,0.00000000
3.23599985,0.00000000,0.00000000,0.00000000
3.23999985,0.00000000,0.00000000,0.00000000
3.24399985,0.00000000,0.00000000,0.00000000
3.24799985,0.00000000,0.01605561,0.00000000
3.25199985,-0.01611713,0.01605561,0.00000000
3.25599985,0.00000000,0.00000000,0.00000000
3.25999985,0.00000000,0.00000000,0.00000000
3.26399985,0.00000000,0.00000000,0.00000000
3.26799985,0.00000000,0.00000000,0.00000000
3.27199985,0.00000000,0.00000000,0.00000000
3.27599985,0.00000000,0.00000000,0.00000000
3.27999985,0.00000000,0.00000000,0.00000000
3.28399985,0.00000000,0.00000000,0.00000000
3.28799985,0.00000000,0.00000000,0.00000000
3.29199985,0.00000000,0.00000000,0.00000000
3.29599985,0.00000000,0.00000000,0.00000000
3.29999985,0.00000000,0.00000000,0.00000000
3.30399985,0.00000000,0.00000000,0.00000000
3.30799985,0.00000000,0.00000000,0.00000000
3.31199985,0.00000000,0.01605561,0.00000000
3.31599985,0.00000000,0.01605561,0.00000000
3.31999985,0.00000000,0.00000000,0.00000000
3.32399985,0.00000000,0.00000000,0.00000000
3.32799985,0.00000000,0.00000000,0.00000000
3.33199985,0.00000000,0.00000000,0.00000000
3.33599985,0.00000000,0.00000000,0.00000000
3.33999985,0.00000000,0.01605561,0.00000000
3.34399985,0.00000000,0.00000000,0.00000000
3.34799985,0.00000000,0.00000000,0.01605561
3.35199985,0.00000000,0.00000000,0.00000000
3.35599985,0.00000000,0.00000000,0.01605561
3.35999985,0.00000000,0.00000000,0.00000000
3.36399985,-0.01611713,0.00000000,0.00000000
3.36799985,0.00000000,0.00000000,0.00000000
3.37199985,0.00000000,0.01605561,0.00000000
3.37599985,0.00000000,0.01605561,0.00000000
3.37999985,0.00000000,0.01605561,0.00000000
3.38399985,0.00000000,0.00000000,0.00000000
3.38799985,0.00000000,0.00000000,0.00000000
3.39199985,0.00000000,0.00000000,0.00000000
3.39599985,-0.01611713,0.00000000,0.00000000
3.39999985,0.00000000,0.00000000,0.00000000
3.40399985,0.00000000,0.00000000,0.00000000
3.40799985,0.00000000,0.00000000,0.00000000
3.41199985,0.00000000,0.00000000,0.00000000
3.41599985,0.00000000,0.00000000,0.00000000
3.41999985,0.00000000,0.00000000,0.00000000
3.42399985,0.00000000,0.00000000,0.00000000
3.42799985,0.00000000,0.00000000,0.00000000
3.43199985,0.00000000,0.00000000,0.00000000
3.43599985,0.00000000,0.00000000,0.00000000
3.43999985,0.00000000,0.00000000,0.00000000
3.44399985,0.00000000,0.00000000,0.00000000
3.44799985,0.00000000,0.01605561,0.00000000
3.45199985,0.00000000,0.00000000,0.00000000
3.45599985,0.00000000,0.00000000,0.00000000
3.45999985,0.00000000,0.00000000,0.00000000
3.46399985,0.00000000,0.01605561,0.00000000
3.46799985,-0.01611713,0.00000000,0.00000000
3.47199985,0.00000000,0.00000000,0.00000000
3.47599985,0.00000000,0.00000000,0.00000000
3.47999985,0.00000000,0.00000000,0.00000000
3.48399985,0.00000000,0.00000000,0.00000000
3.48799985,0.00000000,0.00000000,0.00000000
3.49199985,0.00000000,0.00000000,0.00000000
3.49599985,0.00000000,0.01605561,0.00000000
3.49999985,-0.01611713,0.00000000,0.00000000
3.50399985,0.00000000,0.00000000,0.00000000
3.50799985,0.00000000,0.00000000,0.00000000
3.51199985,-0.01611713,0.00000000,0.00000000
3.51599985,0.00000000,0.01605561,0.00000000
3.51999985,0.00000000,0.00000000,0.00000000
3.52399985,0.00000000,0.00000000,0.00000000
3.52799985,0.00000000,0.00000000,0.01605561
3.53199985,0.00000000,0.01605561,0.00000000
3.53599984,-0.01611713,0.00000000,0.01605561
3.53999984,0.00000000,0.00000000,0.00000000
3.54399984,0.00000000,0.00000000,0.00000000
3.54799984,0.00000000,0.00000000,0.00000000
3.55199984,0.00000000,0.00000000,0.00000000
3.55599984,0.00000000,0.00000000,0.00000000
3.55999984,0.00000000,0.00000000,0.00000000
3.56399984,0.00000000,0.00000000,0.00000000
3.56799984,0.00000000,0.01605561,0.00000000
3.57199984,0.00000000,0.00000000,0.00000000
3.57599984,0.00000000,0.00000000,0.00000000
3.57999984,0.00000000,0.00000000,0.00000000
3.58399984,0.00000000,0.00000000,0.00000000
3.58799984,0.00000000,0.00000000,0.00000000
3.59199984,0.00000000,0.00000000,0.00000000
3.59599984,0.00000000,0.00000000,0.00000000
3.59999984,0.00000000,0.00000000,0.00000000
3.60399984,0.00000000,0.00000000,0.00000000
3.60799984,0.00000000,0.00000000,0.00000000
3.61199984,0.00000000,0.00000000,0.00000000
3.61599984,0.00000000,0.00000000,0.00000000
3.61999984,0.00000000,0.00000000,0.00000000
3.62399984,0.00000000,0.00000000,0.01605561
3.62799984,0.00000000,0.01605561,0.00000000
3.63199984,0.00000000,0.00000000,0.00000000
3.63599984,-0.01611713,0.00000000,0.00000000
3.63999984,0.00000000,0.01605561,0.00000000
3.64399984,0.00000000,0.00000000,0.00000000
3.64799984,0.00000000,0.00000000,0.00000000
3.65199984,0.00000000,0.00000000,0.00000000
3.65599984,-0.01611713,0.00000000,0.01605561
3.65999984,0.00000000,0.00000000,0.00000000
3.66399984,0.00000000,0.01605561,0.00000000
3.66799984,0.00000000,0.00000000,0.00000000
3.67199984,0.00000000,0.00000000,0.00000000
3.67599984,0.00000000,0.00000000,0.00000000
3.67999984,0.00000000,0.00000000,0.00000000
3.68399984,0.00000000,0.00000000,0.00000000
3.68799984,0.00000000,0.00000000,0.00000000
3.69199984,0.00000000,0.00000000,0.00000000
3.69599984,0.00000000,0.01605561,0.00000000
3.69999984,-0.01611713,0.00000000,0.00000000
3.70399984,0.00000000,0.00000000,0.00000000
3.70799984,0.00000000,0.00000000,0.00000000
3.71199984,0.00000000,0.00000000,0.00000000
3.71599984,0.00000000,0.00000000,0.00000000
3.71999984,0.00000000,0.01605561,0.00000000
3.72399984,0.00000000,0.00000000,0.00000000
3.72799984,0.00000000,0.00000000,0.00000000
3.73199984,-0.01611713,0.00000000,0.00000000
3.73599984,0.00000000,0.00000000,0.00000000
3.73999984,0.00000000,0.00000000,0.00000000
3.74399984,0.00000000,0.00000000,0.00000000
3.74799984,-0.01611713,0.01605561,0.01605561
3.75199984,0.00000000,0.00000000,0.00000000
3.75599984,0.00000000,0.00000000,0.00000000
3.75999984,0.00000000,0.00000000,0.00000000
3.76399984,0.00000000,0.00000000,0.00000000
3.76799984,0.00000000,0.00000000,0.00000000
3.77199984,0.00000000,0.00000000,0.00000000
3.77599984,0.00000000,0.00000000,0.00000000
3.77999984,0.00000000,0.00000000,0.00000000
3.78399984,0.00000000,0.00000000,0.00000000
3.78799984,0.00000000,0.00000000,0.00000000
3.79199984,0.00000000,0.00000000,0.00000000
3.79599984,0.00000000,0.00000000,0.00000000
3.79999984,0.00000000,0.00000000,0.00000000
3.80399984,0.00000000,0.00000000,0.00000000
3.80799984,0.00000000,0.00000000,0.00000000
3.81199984,0.00000000,0.00000000,0.00000000
3.81599984,0.00000000,0.00000000,0.00000000
3.81999984,0.00000000,0.00000000,0.00000000
3.82399984,0.00000000,0.00000000,0.00000000
3.82799984,0.00000000,0.00000000,0.00000000
3.83199984,0.00000000,0.00000000,0.00000000
3.83599984,-0.01611713,0.00000000,0.00000000
3.83999984,0.00000000,0.00000000,0.00000000
3.84399984,0.00000000,0.00000000,0.00000000
3.84799984,0.00000000,0.00000000,0.00000000
3.85199984,0.00000000,0.01605561,0.00000000
3.85599984,0.00000000,0.00000000,0.00000000
3.85999984,0.00000000,0.00000000,0.00000000
3.86399984,0.00000000,0.00000000,0.00000000
3.86799984,0.00000000,0.00000000,0.01605561
3.87199984,0.00000000,0.01605561,0.00000000
3.87599984,-0.01611713,0.00000000,0.00000000
3.87999984,-0.01611713,0.01605561,0.00000000
3.88399984,0.00000000,0.00000000,0.00000000
3.88799983,0.00000000,0.01605561,0.00000000
3.89199983,0.00000000,0.00000000,0.00000000
3.89599983,0.00000000,0.00000000,0.01605561
3.89999983,0.00000000,0.00000000,0.00000000
3.90399983,0.00000000,0.00000000,0.00000000
3.90799983,0.00000000,0.00000000,0.00000000
3.91199983,0.00000000,0.00000000,0.00000000
3.91599983,0.00000000,0.00000000,0.00000000
3.91999983,0.00000000,0.00000000,0.00000000
3.92399983,0.00000000,0.00000000,0.00000000
3.92799983,-0.01611713,0.01605561,0.00000000
3.93199983,0.00000000,0.00000000,0.00000000
3.93599983,0.00000000,0.01605561,0.00000000
3.93999983,0.00000000,0.00000000,0.00000000
3.94399983,0.00000000,0.00000000,0.00000000
3.94799983,0.00000000,0.00000000,0.00000000
3.95199983,0.00000000,0.00000000,0.00000000
3.95599983,0.00000000,0.01605561,0.00000000
3.95999983,0.00000000,0.00000000,0.00000000
3.96399983,0.00000000,0.00000000,0.00000000
3.96799983,0.00000000,0.00000000,0.00000000
3.97199983,0.00000000,0.00000000,0.00000000
3.97599983,0.00000000,0.00000000,0.00000000
3.97999983,0.00000000,0.01605561,0.00000000
3.98399983,0.00000000,0.00000000,0.00000000
3.98799983,0.00000000,0.00000000,0.00000000
3.99199983,0.00000000,0.00000000,0.00000000
3.99599983,0.00000000,0.00000000,0.01605561
3.99999983,0.00000000,0.00000000,0.00000000
4.00399983,0.00000000,0.00000000,0.00000000
4.00799983,0.00000000,0.00000000,0.00000000
4.01199983,0.00000000,0.01605561,0.00000000
4.01599983,0.00000000,0.00000000,0.00000000
4.01999983,0.00000000,0.00000000,0.00000000
4.02399983,0.00000000,0.00000000,0.00000000
4.02799983,0.00000000,0.01605561,0.00000000
4.03199983,-0.01611713,0.00000000,0.00000000
4.03599983,0.00000000,0.00000000,0.00000000
4.03999983,0.00000000,0.00000000,0.00000000
4.04399983,0.00000000,0.01605561,0.00000000
4.04799983,0.00000000,0.01605561,0.00000000
4.05199983,0.00000000,0.00000000,0.00000000
4.05599983,0.00000000,0.00000000,0.00000000
4.05999983,0.00000000,0.00000000,0.00000000
4.06399983,0.00000000,0.00000000,0.00000000
4.06799983,0.00000000,0.00000000,0.00000000
4.07199983,0.00000000,0.00000000,0.00000000
4.07599983,0.00000000,0.00000000,0.00000000
4.07999983,0.00000000,0.00000000,0.00000000
4.08399983,0.00000000,0.00000000,0.00000000
4.08799983,0.00000000,0.01605561,0.00000000
4.09199983,0.00000000,0.00000000,0.00000000
4.09599983,0.00000000,0.00000000,0.00000000
4.09999983,0.00000000,0.00000000,0.00000000
4.10399983,0.00000000,0.01605561,0.00000000
4.10799983,0.00000000,0.00000000,0.00000000
4.11199983,0.00000000,0.01605561,0.00000000
4.11599983,0.00000000,0.00000000,0.00000000
4.11999983,0.00000000,0.00000000,0.00000000
4.12399983,0.00000000,0.00000000,0.00000000
4.12799983,0.00000000,0.00000000,0.00000000
4.13199983,0.00000000,0.00000000,0.00000000
4.13599983,0.00000000,0.00000000,0.00000000
4.13999983,0.00000000,0.00000000,0.00000000
4.14399983,0.00000000,0.00000000,0.00000000
4.14799983,0.00000000,0.00000000,0.00000000
4.15199983,0.00000000,0.00000000,0.00000000
4.15599983,0.00000000,0.00000000,0.00000000
4.15999983,0.00000000,0.00000000,0.00000000
4.16399983,0.00000000,0.00000000,0.00000000
4.16799983,0.00000000,0.00000000,0.00000000
4.17199983,0.00000000,0.00000000,0.00000000
4.17599983,0.00000000,0.01605561,0.00000000
4.17999983,0.00000000,0.00000000,0.00000000
4.18399983,0.00000000,0.00000000,0.00000000
4.18799983,0.00000000,0.00000000,0.00000000
4.19199983,0.00000000,0.00000000,0.00000000
4.19599983,0.00000000,0.00000000,0.00000000
4.19999983,0.00000000,0.00000000,0.00000000
4.20399983,0.00000000,0.00000000,0.00000000
4.20799983,-0.01611713,0.00000000,0.00000000
4.21199983,0.00000000,0.00000000,0.00000000
4.21599983,0.00000000,0.01605561,0.01605561
4.21999983,0.00000000,0.01605561,0.00000000
4.22399983,0.00000000,0.00000000,0.00000000
4.22799983,0.00000000,0.00000000,0.00000000
4.23199983,0.00000000,0.01605561,0.01605561
4.23599983,0.00000000,0.00000000,0.01605561
4.23999983,0.00000000,0.00000000,0.00000000
4.24399982,0.00000000,0.00000000,0.00000000
4.24799982,0.00000000,0.00000000,0.00000000
4.25199982,0.00000000,0.00000000,0.00000000
4.25599982,0.00000000,0.00000000,0.00000000
4.25999982,0.00000000,0.00000000,0.00000000
4.26399982,0.00000000,0.00000000,0.00000000
4.26799982,0.00000000,0.00000000,0.00000000
4.27199982,0.00000000,0.00000000,0.00000000
4.27599982,0.00000000,0.00000000,0.00000000
4.27999982,-0.01611713,0.00000000,0.00000000
4.28399982,0.00000000,0.00000000,0.00000000
4.28799982,0.00000000,0.00000000,0.00000000
4.29199982,-0.01611713,0.00000000,0.00000000
4.29599982,0.00000000,0.00000000,0.00000000
4.29999982,0.00000000,0.00000000,0.00000000
4.30399982,0.00000000,0.00000000,0.00000000
4.30799982,-0.01611713,0.00000000,0.00000000
4.31199982,0.00000000,0.00000000,0.00000000
4.31599982,0.00000000,0.00000000,0.01605561
4.31999982,0.00000000,0.00000000,0.00000000
4.32399982,0.00000000,0.00000000,0.00000000
4.32799982,0.00000000,0.00000000,0.00000000
4.33199982,0.00000000,0.00000000,0.00000000
4.33599982,0.00000000,0.00000000,0.00000000
4.33999982,0.00000000,0.00000000,0.00000000
4.34399982,0.00000000,0.00000000,0.00000000
4.34799982,0.00000000,0.00000000,0.00000000
4.35199982,0.00000000,0.00000000,0.00000000
4.35599982,0.00000000,0.00000000,0.00000000
4.35999982,0.00000000,0.00000000,0.00000000
4.36399982,0.00000000,0.00000000,0.00000000
4.36799982,0.00000000,0.00000000,0.00000000
4.37199982,0.00000000,0.00000000,0.00000000
4.37599982,0.00000000,0.00000000,0.00000000
4.37999982,0.00000000,0.00000000,0.00000000
4.38399982,0.00000000,0.00000000,0.01605561
4.38799982,0.00000000,0.01605561,0.00000000
4.39199982,0.00000000,0.00000000,0.00000000
4.39599982,0.00000000,0.00000000,0.00000000
4.39999982,0.00000000,0.00000000,0.00000000
4.40399982,0.00000000,0.00000000,0.00000000
4.40799982,0.00000000,0.00000000,0.00000000
4.41199982,0.00000000,0.00000000,0.00000000
4.41599982,-0.01611713,0.00000000,0.00000000
4.41999982,0.00000000,0.00000000,0.00000000
4.42399982,0.00000000,0.00000000,0.00000000
4.42799982,0.00000000,0.01605561,0.00000000
4.43199982,0.00000000,0.01605561,0.00000000
4.43599982,0.00000000,0.00000000,0.00000000
4.43999982,-0.01611713,0.00000000,0.00000000
4.44399982,0.00000000,0.00000000,0.00000000
4.44799982,0.00000000,0.00000000,0.00000000
4.45199982,0.00000000,0.00000000,0.00000000
4.45599982,0.00000000,0.01605561,0.00000000
4.45999982,0.00000000,0.00000000,0.00000000
4.46399982,0.00000000,0.00000000,0.00000000
4.46799982,0.00000000,0.01605561,0.00000000
4.47199982,0.00000000,0.00000000,0.00000000
4.47599982,-0.01611713,0.00000000,0.00000000
4.47999982,0.00000000,0.00000000,0.00000000
4.48399982,0.00000000,0.00000000,0.00000000
4.48799982,0.00000000,0.00000000,0.01605561
4.49199982,-0.01611713,0.00000000,0.01605561
4.49599982,0.00000000,0.01605561,0.00000000
4.49999982,0.00000000,0.00000000,0.00000000
4.50399982,0.00000000,0.01605561,0.00000000
4.50799982,0.00000000,0.00000000,0.00000000
4.51199982,0.00000000,0.00000000,0.00000000
4.51599982,0.00000000,0.00000000,0.00000000
4.51999982,0.00000000,0.01605561,0.00000000
4.52399982,0.00000000,0.00000000,0.00000000
4.52799982,0.00000000,0.00000000,0.00000000
4.53199982,0.00000000,0.00000000,0.00000000
4.53599982,0.00000000,0.00000000,0.01605561
4.53999982,0.00000000,0.00000000,0.00000000
4.54399982,0.00000000,0.00000000,0.00000000
4.54799982,0.00000000,0.00000000,0.00000000
4.55199982,0.00000000,0.00000000,0.00000000
4.55599982,0.00000000,0.00000000,0.00000000
4.55999982,0.00000000,0.01605561,0.00000000
4.56399982,0.00000000,0.00000000,0.00000000
4.56799982,0.00000000,0.00000000,0.00000000
4.57199982,0.00000000,0.00000000,0.00000000
4.57599982,0.00000000,0.00000000,0.00000000
4.57999982,0.00000000,0.00000000,0.01605561
4.58399982,0.00000000,0.00000000,0.00000000
4.58799982,0.00000000,0.00000000,0.01605561
4.59199982,0.00000000,0.01605561,0.00000000
4.59599981,0.00000000,0.01605561,0.00000000
4.59999981,0.00000000,0.00000000,0.00000000
4.60399981,0.00000000,0.00000000,0.00000000
4.60799981,0.00000000,0.01605561,0.00000000
4.61199981,0.00000000,0.00000000,0.00000000
4.61599981,0.00000000,0.00000000,0.00000000
4.61999981,0.00000000,0.00000000,0.00000000
4.62399981,0.00000000,0.00000000,0.00000000
4.62799981,0.00000000,0.00000000,0.00000000
4.63199981,0.00000000,0.00000000,0.01605561
4.63599981,0.00000000,0.00000000,0.00000000
4.63999981,0.00000000,0.00000000,0.00000000
4.64399981,0.00000000,0.00000000,0.00000000
4.64799981,0.00000000,0.00000000,0.00000000
4.65199981,0.00000000,0.00000000,0.00000000
4.65599981,0.00000000,0.00000000,0.00000000
4.65999981,0.00000000,0.01605561,0.00000000
4.66399981,0.00000000,0.00000000,0.00000000
4.66799981,0.00000000,0.00000000,0.00000000
4.67199981,0.00000000,0.00000000,0.00000000
4.67599981,0.00000000,0.00000000,0.00000000
4.67999981,0.00000000,0.01605561,0.00000000
4.68399981,0.00000000,0.00000000,0.00000000
4.68799981,0.00000000,0.00000000,0.01605561
4.69199981,0.00000000,0.00000000,0.00000000
4.69599981,0.00000000,0.00000000,0.00000000
4.69999981,0.00000000,0.00000000,0.00000000
4.70399981,0.00000000,0.01605561,0.00000000
4.70799981,0.00000000,0.00000000,0.00000000
4.71199981,-0.01611713,0.00000000,0.00000000
4.71599981,0.00000000,0.00000000,0.01605561
4.71999981,0.00000000,0.01605561,0.00000000
4.72399981,0.00000000,0.00000000,0.00000000
4.72799981,0.00000000,0.00000000,0.00000000
4.73199981,-0.01611713,0.00000000,0.00000000
4.73599981,0.00000000,0.01605561,0.00000000
4.73999981,0.00000000,0.00000000,0.00000000
4.74399981,0.00000000,0.00000000,0.00000000
4.74799981,-0.01611713,0.00000000,0.00000000
4.75199981,0.00000000,0.00000000,0.00000000
4.75599981,0.00000000,0.00000000,0.00000000
4.75999981,-0.01611713,0.01605561,0.00000000
4.76399981,0.00000000,0.00000000,0.01605561
4.76799981,0.00000000,0.00000000,0.00000000
4.77199981,0.00000000,0.00000000,0.00000000
4.77599981,0.00000000,0.00000000,0.00000000
4.77999981,0.00000000,0.00000000,0.00000000
4.78399981,0.00000000,0.00000000,0.00000000
4.78799981,0.00000000,0.00000000,0.00000000
4.79199981,0.00000000,0.00000000,0.00000000
4.79599981,-0.01611713,0.00000000,0.00000000
4.79999981,0.00000000,0.00000000,0.00000000
4.80399981,-0.01611713,0.00000000,0.00000000
4.80799981,0.00000000,0.01605561,0.00000000
4.81199981,0.00000000,0.00000000,0.00000000
4.81599981,0.00000000,0.00000000,0.00000000
4.81999981,0.00000000,0.00000000,0.00000000
4.82399981,0.00000000,0.00000000,0.00000000
4.82799981,0.00000000,0.00000000,0.00000000
4.83199981,0.00000000,0.01605561,0.00000000
4.83599981,0.00000000,0.00000000,0.00000000
4.83999981,0.00000000,0.00000000,0.01605561
4.84399981,0.00000000,0.00000000,0.00000000
4.84799981,0.00000000,0.00000000,0.00000000
4.85199981,0.00000000,0.00000000,0.00000000
4.85599981,0.00000000,0.00000000,0.00000000
4.85999981,0.00000000,0.00000000,0.00000000
4.86399981,0.00000000,0.00000000,0.00000000
4.86799981,0.00000000,0.01605561,0.00000000
4.87199981,-0.01611713,0.00000000,0.00000000
4.87599981,0.00000000,0.00000000,0.00000000
4.87999981,0.00000000,0.00000000,0.00000000
4.88399981,0.00000000,0.00000000,0.00000000
4.88799981,0.00000000,0.01605561,0.01605561
4.89199981,-0.01611713,0.00000000,0.01605561
4.89599981,0.00000000,0.00000000,0.00000000
4.89999981,0.00000000,0.01605561,0.00000000
4.90399981,0.00000000,0.00000000,0.00000000
4.90799981,0.00000000,0.00000000,0.00000000
4.91199981,-0.01611713,0.00000000,0.00000000
4.91599981,0.00000000,0.00000000,0.00000000
4.91999981,0.00000000,0.01605561,0.00000000
4.92399981,0.00000000,0.01605561,0.01605561
4.92799981,0.00000000,0.00000000,0.00000000
4.93199981,0.00000000,0.00000000,0.00000000
4.93599981,0.00000000,0.00000000,0.01605561
4.93999981,0.00000000,0.00000000,0.00000000
4.94399981,0.00000000,0.01605561,0.00000000
4.94799980,0.00000000,0.00000000,0.00000000
4.95199980,0.00000000,0.00000000,0.00000000
4.95599980,0.00000000,0.00000000,0.00000000
4.95999980,0.00000000,0.00000000,0.00000000
4.96399980,0.00000000,0.00000000,0.00000000
4.96799980,0.00000000,0.00000000,0.00000000
4.97199980,0.00000000,0.00000000,0.00000000
4.97599980,0.00000000,0.01605561,0.00000000
4.97999980,0.00000000,0.00000000,0.00000000
4.98399980,0.00000000,0.01605561,0.00000000
4.98799980,0.00000000,0.00000000,0.00000000
4.99199980,0.00000000,0.00000000,0.00000000
4.99599980,0.00000000,0.00000000,0.00000000
4.99999980,0.00000000,0.00000000,0.00000000
5.00399980,0.00000000,0.00000000,0.00000000
5.00799980,0.00000000,0.00000000,0.00000000
5.01199980,0.00000000,0.01605561,0.00000000
5.01599980,-0.01611713,0.00000000,0.00000000
5.01999980,0.00000000,-0.01605561,0.00000000
5.02399980,0.00000000,0.00000000,0.00000000
5.02799980,0.00000000,0.01605561,0.00000000
5.03199980,0.00000000,0.01605561,0.00000000
5.03599980,0.00000000,0.00000000,0.00000000
5.03999980,0.00000000,0.00000000,0.00000000
5.04399980,0.00000000,0.00000000,0.00000000
5.04799980,0.00000000,0.00000000,0.00000000
5.05199980,0.00000000,0.00000000,0.00000000
5.05599980,0.00000000,0.00000000,0.00000000
5.05999980,0.00000000,0.00000000,0.00000000
5.06399980,0.00000000,0.00000000,0.00000000
5.06799980,0.00000000,0.00000000,0.00000000
5.07199980,0.00000000,0.00000000,0.00000000
5.07599980,0.00000000,0.00000000,0.00000000
5.07999980,0.00000000,0.00000000,0.00000000
5.08399980,0.00000000,0.00000000,0.00000000
5.08799980,0.00000000,0.00000000,0.01605561
5.09199980,0.00000000,0.01605561,0.00000000
5.09599980,0.00000000,0.00000000,0.00000000
5.09999980,0.00000000,0.00000000,0.00000000
5.10399980,0.00000000,0.01605561,0.00000000
5.10799980,0.00000000,0.00000000,0.00000000
5.11199980,0.00000000,0.00000000,0.00000000
5.11599980,0.00000000,0.00000000,0.00000000
5.11999980,0.00000000,0.00000000,0.00000000
5.12399980,0.00000000,0.00000000,0.00000000
5.12799980,0.00000000,0.00000000,0.00000000
5.13199980,0.00000000,0.00000000,0.00000000
5.13599980,0.00000000,0.00000000,0.00000000
5.13999980,0.00000000,0.00000000,0.00000000
5.14399980,0.00000000,0.00000000,0.00000000
5.14799980,0.00000000,0.01605561,0.00000000
5.15199980,0.00000000,0.01605561,0.00000000
5.15599980,0.00000000,0.00000000,0.00000000
5.15999980,0.00000000,0.00000000,0.00000000
5.16399980,0.00000000,0.00000000,0.00000000
5.16799980,0.00000000,0.00000000,0.00000000
5.17199980,0.00000000,0.00000000,0.00000000
5.17599980,0.00000000,0.00000000,0.00000000
5.17999980,0.00000000,0.01605561,0.00000000
5.18399980,0.00000000,0.00000000,0.00000000
5.18799980,0.00000000,0.00000000,0.00000000
5.19199980,0.00000000,0.00000000,0.00000000
5.19599980,0.00000000,0.01605561,0.00000000
5.19999980,0.00000000,0.01605561,0.00000000
5.20399980,0.00000000,0.00000000,0.00000000
5.20799980,0.00000000,0.00000000,0.00000000
5.21199980,0.00000000,0.00000000,0.00000000
5.21599980,0.00000000,0.00000000,0.00000000
5.21999980,0.00000000,0.00000000,0.00000000
5.22399980,0.00000000,0.01605561,0.00000000
5.22799980,0.00000000,0.00000000,0.00000000
5.23199980,0.00000000,0.00000000,0.01605561
5.23599980,0.00000000,0.00000000,0.00000000
5.23999980,0.00000000,0.00000000,0.00000000
5.24399980,0.00000000,0.00000000,0.00000000
5.24799980,0.00000000,0.00000000,0.00000000
5.25199980,0.00000000,0.00000000,0.00000000
5.25599980,0.00000000,0.00000000,0.00000000
5.25999980,0.00000000,0.00000000,0.00000000
5.26399980,0.00000000,0.00000000,0.00000000
5.26799980,0.00000000,0.00000000,0.00000000
5.27199980,0.00000000,0.00000000,0.00000000
5.27599980,0.00000000,0.00000000,0.00000000
5.27999980,0.00000000,0.00000000,0.00000000
5.28399980,0.00000000,0.00000000,0.00000000
5.28799980,0.00000000,0.00000000,0.00000000
5.29199980,0.00000000,0.00000000,0.00000000
5.29599980,0.00000000,0.00000000,0.00000000
5.29999980,0.00000000,0.01605561,0.00000000
5.30399979,0.00000000,0.00000000,0.00000000
5.30799979,0.00000000,0.00000000,0.00000000
5.31199979,-0.01611713,0.01605561,0.00000000
5.31599979,0.00000000,0.01605561,0.00000000
5.31999979,0.00000000,0.00000000,0.00000000
5.32399979,0.00000000,0.00000000,0.00000000
5.32799979,0.00000000,0.00000000,0.00000000
5.33199979,0.00000000,0.00000000,0.00000000
5.33599979,0.00000000,0.00000000,0.01605561
5.33999979,0.00000000,0.00000000,0.01605561
5.34399979,0.00000000,0.00000000,0.00000000
5.34799979,0.00000000,0.00000000,0.00000000
5.35199979,0.00000000,0.00000000,0.00000000
5.35599979,0.00000000,0.00000000,0.00000000
5.35999979,0.00000000,0.00000000,0.00000000
5.36399979,0.00000000,0.00000000,0.00000000
5.36799979,0.00000000,0.00000000,0.00000000
5.37199979,0.00000000,0.00000000,0.00000000
5.37599979,0.00000000,0.01605561,0.00000000
5.37999979,0.00000000,0.00000000,0.00000000
5.38399979,0.00000000,0.00000000,0.01605561
5.38799979,0.00000000,0.00000000,0.00000000
5.39199979,0.00000000,0.00000000,0.00000000
5.39599979,0.00000000,0.00000000,0.01605561
5.39999979,0.00000000,0.00000000,0.00000000
5.40399979,0.00000000,0.00000000,-0.01605561
5.40799979,0.00000000,0.00000000,0.00000000
5.41199979,-0.01611713,0.00000000,0.00000000
5.41599979,-0.01611713,0.00000000,0.00000000
5.41999979,0.00000000,0.00000000,0.00000000
5.42399979,0.00000000,0.00000000,0.00000000
5.42799979,0.00000000,0.00000000,0.00000000
5.43199979,0.00000000,0.00000000,0.00000000
5.43599979,-0.01611713,0.01605561,0.00000000
5.43999979,0.00000000,0.01605561,0.00000000
5.44399979,0.00000000,0.00000000,0.00000000
5.44799979,0.00000000,0.00000000,0.00000000
5.45199979,0.00000000,0.00000000,0.00000000
5.45599979,0.00000000,0.00000000,0.00000000
5.45999979,-0.01611713,0.00000000,0.00000000
5.46399979,0.00000000,0.00000000,0.00000000
5.46799979,0.00000000,0.00000000,0.00000000
5.47199979,0.00000000,0.00000000,0.00000000
5.47599979,0.00000000,0.00000000,0.00000000
5.47999979,0.00000000,0.00000000,0.00000000
5.48399979,-0.01611713,0.00000000,0.00000000
5.48799979,0.00000000,0.00000000,0.00000000
5.49199979,0.00000000,0.01605561,0.00000000
5.49599979,0.00000000,0.01605561,0.00000000
5.49999979,-0.01611713,0.00000000,0.00000000
5.50399979,0.00000000,0.00000000,0.00000000
5.50799979,0.00000000,0.00000000,0.00000000
5.51199979,0.00000000,0.00000000,0.00000000
5.51599979,0.00000000,0.00000000,0.00000000
5.51999979,0.00000000,0.01605561,0.00000000
5.52399979,0.00000000,0.00000000,0.00000000
5.52799979,0.00000000,0.00000000,0.00000000
5.53199979,0.00000000,0.00000000,0.00000000
5.53599979,0.00000000,0.00000000,0.01605561
5.53999979,0.00000000,0.00000000,0.00000000
5.54399979,0.00000000,0.01605561,0.00000000
5.54799979,0.00000000,0.00000000,0.00000000
5.55199979,0.00000000,0.01605561,0.00000000
5.55599979,0.00000000,0.00000000,0.00000000
5.55999979,0.00000000,0.01605561,0.00000000
5.56399979,-0.01611713,0.00000000,0.00000000
5.56799979,0.00000000,0.00000000,0.00000000
5.57199979,0.00000000,0.00000000,0.00000000
5.57599979,0.00000000,0.00000000,0.00000000
5.57999979,0.00000000,0.01605561,0.00000000
5.58399979,0.00000000,0.00000000,0.00000000
5.58799979,0.00000000,0.00000000,0.00000000
5.59199979,0.00000000,0.01605561,0.00000000
5.59599979,0.00000000,0.00000000,0.00000000
5.59999979,0.00000000,0.00000000,0.00000000
5.60399979,0.00000000,0.00000000,0.00000000
5.60799979,0.00000000,0.00000000,0.00000000
5.61199979,0.00000000,0.00000000,0.00000000
5.61599979,0.00000000,0.00000000,0.00000000
5.61999979,0.00000000,0.00000000,0.00000000
5.62399979,0.00000000,0.00000000,0.00000000
5.62799979,0.00000000,0.00000000,0.00000000
5.63199979,0.00000000,0.00000000,0.00000000
5.63599979,0.00000000,0.00000000,0.00000000
5.63999979,0.00000000,0.01605561,0.00000000
5.64399979,0.00000000,0.00000000,0.00000000
5.64799979,0.00000000,0.00000000,0.00000000
5.65199979,0.00000000,0.00000000,0.00000000
5.65599978,0.00000000,0.00000000,0.01605561
5.65999978,0.00000000,0.00000000,0.01605561
5.66399978,0.00000000,0.00000000,0.00000000
5.66799978,0.00000000,0.00000000,0.00000000
5.67199978,0.00000000,0.00000000,0.00000000
5.67599978,0.00000000,0.00000000,0.01605561
5.67999978,0.00000000,0.00000000,0.00000000
5.68399978,-0.01611713,0.01605561,0.00000000
5.68799978,0.00000000,0.00000000,0.00000000
5.69199978,0.00000000,0.00000000,0.00000000
5.69599978,0.00000000,0.00000000,0.00000000
5.69999978,-0.01611713,0.00000000,0.00000000
5.70399978,0.00000000,0.00000000,0.01605561
5.70799978,0.00000000,0.00000000,0.00000000
5.71199978,0.00000000,0.00000000,0.00000000
5.71599978,0.00000000,0.00000000,0.00000000
5.71999978,0.00000000,0.00000000,0.00000000
5.72399978,0.00000000,0.00000000,0.00000000
5.72799978,0.00000000,0.00000000,0.00000000
5.73199978,-0.01611713,0.00000000,0.00000000
5.73599978,0.00000000,0.01605561,0.01605561
5.73999978,0.00000000,0.00000000,0.00000000
5.74399978,0.00000000,0.00000000,0.00000000
5.74799978,0.00000000,0.01605561,0.00000000
5.75199978,0.00000000,0.00000000,0.00000000
5.75599978,0.00000000,0.00000000,0.00000000
5.75999978,0.00000000,0.00000000,0.00000000
5.76399978,0.00000000,0.00000000,0.00000000
5.76799978,0.00000000,0.01605561,0.00000000
5.77199978,0.00000000,0.00000000,0.00000000
5.77599978,0.00000000,0.00000000,0.00000000
5.77999978,0.00000000,0.00000000,0.00000000
5.78399978,0.00000000,0.00000000,0.00000000
5.78799978,0.00000000,0.00000000,0.00000000
5.79199978,0.00000000,0.01605561,0.00000000
5.79599978,0.00000000,0.00000000,0.00000000
5.79999978,0.00000000,0.00000000,0.00000000
5.80399978,0.00000000,0.00000000,0.00000000
5.80799978,0.00000000,0.00000000,0.00000000
5.81199978,0.00000000,0.00000000,0.00000000
5.81599978,-0.01611713,0.00000000,0.00000000
5.81999978,0.00000000,0.00000000,0.00000000
5.82399978,0.00000000,0.00000000,0.00000000
5.82799978,0.00000000,0.00000000,0.01605561
5.83199978,0.00000000,0.00000000,0.00000000
5.83599978,0.00000000,0.00000000,0.00000000
5.83999978,0.00000000,0.00000000,0.00000000
5.84399978,0.00000000,0.00000000,0.00000000
5.84799978,0.00000000,0.00000000,0.00000000
5.85199978,-0.01611713,0.00000000,0.00000000
5.85599978,0.00000000,0.00000000,0.00000000
5.85999978,0.00000000,0.00000000,0.00000000
5.86399978,0.00000000,0.00000000,0.00000000
5.86799978,0.00000000,0.00000000,0.00000000
5.87199978,-0.01611713,0.00000000,0.00000000
5.87599978,-0.01611713,0.00000000,0.00000000
5.87999978,0.00000000,0.01605561,0.00000000
5.88399978,0.00000000,0.00000000,0.00000000
5.88799978,-0.01611713,0.00000000,0.00000000
5.89199978,0.00000000,0.00000000,0.00000000
5.89599978,0.00000000,0.00000000,0.00000000
5.89999978,0.00000000,0.00000000,0.00000000
5.90399978,0.00000000,0.00000000,0.00000000
5.90799978,0.00000000,0.00000000,0.00000000
5.91199978,0.00000000,0.00000000,0.00000000
5.91599978,0.00000000,0.00000000,0.00000000
5.91999978,0.00000000,0.01605561,0.00000000
5.92399978,0.00000000,0.00000000,0.00000000
5.92799978,0.00000000,0.00000000,0.00000000
5.93199978,0.00000000,0.00000000,0.00000000
5.93599978,0.00000000,0.00000000,0.00000000
5.93999978,0.00000000,0.00000000,0.00000000
5.94399978,0.00000000,0.00000000,0.01605561
5.94799978,0.00000000,0.00000000,0.00000000
5.95199978,0.00000000,0.00000000,0.00000000
5.95599978,0.00000000,0.00000000,0.00000000
5.95999978,-0.01611713,0.00000000,0.00000000
5.96399978,0.00000000,0.00000000,0.00000000
5.96799978,0.00000000,0.00000000,0.00000000
5.97199978,0.00000000,0.00000000,0.00000000
5.97599978,0.00000000,0.00000000,0.00000000
5.97999978,0.00000000,0.00000000,0.00000000
5.98399978,0.00000000,0.00000000,0.00000000
5.98799978,0.00000000,0.00000000,0.00000000
5.99199978,0.00000000,0.00000000,0.00000000
5.99599978,0.00000000,0.01605561,0.00000000
5.99999978,0.00000000,0.00000000,0.00000000
6.00399978,0.00000000,0.00000000,0.00000000
6.00799978,0.00000000,0.00000000,0.00000000
6.01199977,0.00000000,0.00000000,0.01605561
6.01599977,0.00000000,0.00000000,0.00000000
6.01999977,0.00000000,0.00000000,0.00000000
6.02399977,0.00000000,0.01605561,0.00000000
6.02799977,0.00000000,0.00000000,0.00000000
6.03199977,0.00000000,0.01605561,0.00000000
6.03599977,0.00000000,0.01605561,0.00000000
6.03999977,0.00000000,0.00000000,0.00000000
6.04399977,0.00000000,0.00000000,0.00000000
6.04799977,0.00000000,0.00000000,0.00000000
6.05199977,-0.01611713,0.00000000,0.00000000
6.05599977,0.00000000,0.00000000,0.00000000
6.05999977,0.00000000,0.00000000,0.00000000
6.06399977,0.00000000,0.00000000,0.00000000
6.06799977,0.00000000,0.00000000,0.00000000
6.07199977,0.00000000,0.00000000,0.00000000
6.07599977,0.00000000,0.00000000,0.00000000
6.07999977,0.00000000,0.00000000,0.00000000
6.08399977,0.00000000,0.00000000,0.00000000
6.08799977,0.00000000,0.00000000,0.00000000
6.09199977,0.00000000,0.00000000,0.00000000
6.09599977,-0.01611713,0.01605561,0.00000000
6.09999977,0.00000000,0.00000000,0.00000000
6.10399977,0.00000000,0.00000000,0.00000000
6.10799977,0.00000000,0.00000000,0.00000000
6.11199977,0.00000000,0.00000000,0.00000000
6.11599977,0.00000000,0.00000000,0.00000000
6.11999977,0.00000000,0.00000000,0.00000000
6.12399977,0.00000000,0.00000000,0.00000000
6.12799977,0.00000000,0.00000000,0.00000000
6.13199977,0.00000000,0.00000000,0.00000000
6.13599977,0.00000000,0.00000000,0.00000000
6.13999977,0.00000000,0.00000000,0.00000000
6.14399977,0.00000000,0.00000000,0.00000000
6.14799977,0.00000000,0.01605561,0.00000000
6.15199977,0.00000000,0.00000000,0.00000000
6.15599977,0.00000000,0.01605561,0.00000000
6.15999977,0.00000000,0.00000000,0.00000000
6.16399977,0.00000000,0.00000000,0.00000000
6.16799977,0.00000000,0.01605561,0.00000000
6.17199977,0.00000000,0.00000000,0.01605561
6.17599977,0.00000000,0.00000000,0.00000000
6.17999977,0.00000000,0.00000000,0.00000000
6.18399977,0.00000000,0.00000000,0.00000000
6.18799977,0.00000000,0.00000000,0.00000000
6.19199977,0.00000000,0.00000000,0.00000000
6.19599977,-0.01611713,0.00000000,0.00000000
6.19999977,0.00000000,0.01605561,0.00000000
6.20399977,-0.01611713,0.00000000,0.00000000
6.20799977,0.00000000,0.00000000,0.00000000
6.21199977,0.00000000,0.00000000,0.00000000
6.21599977,0.00000000,0.00000000,0.00000000
6.21999977,-0.01611713,0.00000000,0.00000000
6.22399977,0.00000000,0.00000000,0.00000000
6.22799977,0.00000000,0.00000000,0.00000000
6.23199977,0.00000000,0.00000000,0.00000000
6.23599977,0.00000000,0.00000000,0.01605561
6.23999977,0.00000000,0.01605561,0.00000000
6.24399977,0.00000000,0.00000000,0.00000000
6.24799977,0.00000000,0.01605561,0.00000000
6.25199977,0.00000000,0.00000000,0.00000000
6.25599977,0.00000000,0.00000000,0.00000000
6.25999977,0.00000000,0.00000000,0.00000000
6.26399977,0.00000000,0.00000000,0.00000000
6.26799977,0.00000000,0.00000000,0.00000000
6.27199977,0.00000000,0.00000000,0.00000000
6.27599977,0.00000000,0.00000000,0.00000000
6.27999977,0.00000000,0.00000000,0.00000000
6.28399977,0.00000000,0.00000000,0.00000000
6.28799977,0.00000000,0.00000000,0.00000000
6.29199977,0.00000000,0.00000000,0.01605561
6.29599977,0.00000000,0.00000000,0.00000000
6.29999977,0.00000000,0.00000000,0.00000000
6.30399977,0.00000000,0.01605561,0.00000000
6.30799977,0.00000000,0.00000000,0.00000000
6.31199977,0.00000000,0.00000000,0.00000000
6.31599977,0.00000000,0.00000000,0.00000000
6.31999977,0.00000000,0.00000000,0.00000000
6.32399977,0.00000000,0.00000000,0.00000000
6.32799977,0.00000000,0.00000000,0.00000000
6.33199977,0.00000000,0.00000000,0.00000000
6.33599977,0.00000000,0.00000000,0.00000000
6.33999977,0.00000000,0.00000000,0.00000000
6.34399977,0.00000000,0.00000000,0.00000000
6.34799977,0.00000000,0.00000000,0.00000000
6.35199977,0.00000000,0.01605561,0.00000000
6.35599977,0.00000000,0.00000000,0.00000000
6.35999977,0.00000000,0.00000000,0.00000000
6.36399976,0.00000000,0.00000000,0.00000000
6.36799976,0.00000000,0.01605561,0.00000000
6.37199976,0.00000000,0.01605561,0.00000000
6.37599976,0.00000000,0.01605561,0.00000000
6.37999976,0.00000000,0.00000000,0.00000000
6.38399976,0.00000000,0.00000000,0.00000000
6.38799976,0.00000000,0.00000000,0.00000000
6.39199976,0.00000000,0.00000000,0.00000000
6.39599976,0.00000000,0.00000000,0.00000000
6.39999976,0.00000000,0.00000000,0.00000000
6.40399976,0.00000000,0.00000000,0.00000000
6.40799976,0.00000000,0.00000000,0.00000000
6.41199976,0.00000000,0.00000000,0.00000000
6.41599976,-0.01611713,0.00000000,0.00000000
6.41999976,0.00000000,0.00000000,0.00000000
6.42399976,0.00000000,0.00000000,0.00000000
6.42799976,0.00000000,0.00000000,0.00000000
6.43199976,0.00000000,0.00000000,0.00000000
6.43599976,0.00000000,0.00000000,0.00000000
6.43999976,0.00000000,0.00000000,0.00000000
6.44399976,0.00000000,0.00000000,0.00000000
6.44799976,0.00000000,0.00000000,0.00000000
6.45199976,-0.01611713,0.00000000,0.00000000
6.45599976,0.00000000,0.00000000,0.00000000
6.45999976,0.00000000,0.00000000,0.00000000
6.46399976,0.00000000,0.00000000,0.00000000
6.46799976,0.00000000,0.00000000,0.00000000
6.47199976,0.00000000,0.01605561,0.00000000
6.47599976,0.00000000,0.00000000,0.00000000
6.47999976,0.00000000,0.00000000,0.01605561
6.48399976,0.00000000,0.00000000,0.00000000
6.48799976,0.00000000,0.00000000,0.00000000
6.49199976,-0.01611713,0.00000000,0.00000000
6.49599976,0.00000000,0.00000000,0.00000000
6.49999976,0.00000000,0.00000000,0.00000000
6.50399976,0.00000000,0.00000000,0.00000000
6.50799976,0.00000000,0.00000000,0.00000000
6.51199976,0.00000000,0.00000000,0.00000000
6.51599976,0.00000000,0.00000000,0.00000000
6.51999976,0.00000000,0.00000000,0.00000000
6.52399976,0.00000000,0.00000000,0.00000000
6.52799976,0.00000000,0.00000000,0.00000000
6.53199976,0.00000000,0.00000000,0.00000000
6.53599976,0.00000000,0.00000000,0.00000000
6.53999976,0.00000000,0.01605561,0.00000000
6.54399976,0.00000000,0.01605561,0.00000000
6.54799976,0.00000000,0.00000000,0.00000000
6.55199976,0.00000000,0.00000000,0.00000000
6.55599976,0.00000000,0.00000000,0.00000000
6.55999976,0.00000000,0.00000000,0.00000000
6.56399976,0.00000000,0.00000000,0.00000000
6.56799976,0.00000000,0.00000000,0.00000000
6.57199976,0.00000000,0.00000000,0.00000000
6.57599976,0.00000000,0.00000000,0.00000000
6.57999976,0.00000000,0.00000000,0.00000000
6.58399976,0.00000000,0.00000000,0.00000000
6.58799976,0.00000000,0.00000000,0.00000000
6.59199976,0.00000000,0.00000000,0.00000000
6.59599976,0.00000000,0.00000000,0.00000000
6.59999976,0.00000000,0.00000000,0.00000000
6.60399976,0.00000000,0.00000000,0.00000000
6.60799976,0.00000000,0.00000000,0.00000000
6.61199976,0.00000000,0.00000000,0.00000000
6.61599976,0.00000000,0.00000000,0.00000000
6.61999976,0.00000000,0.00000000,0.00000000
6.62399976,0.00000000,0.00000000,0.00000000
6.62799976,0.00000000,0.00000000,0.00000000
6.63199976,0.00000000,0.00000000,0.00000000
6.63599976,0.00000000,0.00000000,0.00000000
6.63999976,0.00000000,0.01605561,0.00000000
6.64399976,0.00000000,0.00000000,0.00000000
6.64799976,0.00000000,0.01605561,0.00000000
6.65199976,0.00000000,0.00000000,0.00000000
6.65599976,0.00000000,0.00000000,0.00000000
6.65999976,0.00000000,0.00000000,0.00000000
6.66399976,-0.01611713,0.00000000,0.00000000
6.66799976,0.00000000,0.00000000,0.00000000
6.67199976,0.00000000,0.00000000,0.00000000
6.67599976,0.00000000,0.00000000,0.01605561
6.67999976,0.00000000,0.00000000,0.00000000
6.68399976,0.00000000,0.00000000,0.00000000
6.68799976,0.00000000,0.01605561,0.00000000
6.69199976,0.00000000,0.00000000,0.00000000
6.69599976,0.00000000,0.00000000,0.00000000
6.69999976,0.00000000,0.00000000,0.00000000
6.70399976,0.00000000,0.00000000,0.00000000
6.70799976,0.00000000,0.00000000,0.00000000
6.71199976,0.00000000,0.00000000,0.01605561
6.71599975,0.00000000,0.00000000,0.00000000
6.71999975,0.00000000,0.01605561,0.00000000
6.72399975,0.00000000,0.00000000,0.00000000
6.72799975,0.00000000,0.00000000,0.00000000
6.73199975,0.00000000,0.00000000,0.00000000
6.73599975,0.00000000,0.00000000,0.00000000
6.73999975,0.00000000,0.00000000,0.00000000
6.74399975,0.00000000,0.00000000,0.01605561
6.74799975,0.00000000,0.01605561,0.00000000
6.75199975,0.00000000,0.00000000,0.01605561
6.75599975,0.00000000,0.00000000,0.00000000
6.75999975,0.00000000,0.00000000,0.00000000
6.76399975,0.00000000,0.00000000,0.00000000
6.76799975,0.00000000,0.00000000,0.00000000
6.77199975,0.00000000,0.01605561,0.00000000
6.77599975,0.00000000,0.00000000,0.00000000
6.77999975,0.00000000,0.00000000,0.00000000
6.78399975,0.00000000,0.00000000,0.00000000
6.78799975,0.00000000,0.00000000,0.00000000
6.79199975,0.00000000,0.01605561,0.00000000
6.79599975,0.00000000,0.00000000,0.00000000
6.79999975,0.00000000,0.00000000,0.01605561
6.80399975,0.00000000,0.00000000,0.00000000
6.80799975,0.00000000,0.00000000,0.00000000
6.81199975,0.00000000,0.00000000,0.00000000
6.81599975,0.00000000,0.00000000,0.00000000
6.81999975,0.00000000,0.00000000,0.00000000
6.82399975,0.00000000,0.00000000,0.00000000
6.82799975,0.00000000,0.01605561,0.00000000
6.83199975,0.00000000,0.00000000,0.00000000
6.83599975,0.00000000,0.00000000,0.00000000
6.83999975,0.00000000,0.00000000,0.00000000
6.84399975,0.00000000,0.00000000,0.00000000
6.84799975,0.00000000,0.00000000,0.00000000
6.85199975,0.00000000,0.00000000,0.00000000
6.85599975,0.00000000,0.00000000,0.00000000
6.85999975,0.00000000,0.00000000,0.01605561
6.86399975,0.00000000,0.00000000,0.00000000
6.86799975,0.00000000,0.00000000,0.00000000
6.87199975,0.00000000,0.00000000,-0.01605561
6.87599975,0.00000000,0.00000000,0.00000000
6.87999975,0.00000000,0.00000000,0.00000000
6.88399975,0.00000000,0.00000000,0.00000000
6.88799975,0.00000000,0.00000000,0.00000000
6.89199975,0.00000000,0.00000000,0.00000000
6.89599975,0.00000000,0.01605561,0.00000000
6.89999975,-0.01611713,0.00000000,0.00000000
6.90399975,0.00000000,0.00000000,0.00000000
6.90799975,0.00000000,0.00000000,0.00000000
6.91199975,0.00000000,0.00000000,0.00000000
6.91599975,0.00000000,0.00000000,0.00000000
6.91999975,0.00000000,0.00000000,0.00000000
6.92399975,0.00000000,0.00000000,0.00000000
6.92799975,0.00000000,0.00000000,0.00000000
6.93199975,0.00000000,0.00000000,0.00000000
6.93599975,0.00000000,0.00000000,0.00000000
6.93999975,0.00000000,0.00000000,0.00000000
6.94399975,0.00000000,0.01605561,0.00000000
6.94799975,0.00000000,0.00000000,0.00000000
6.95199975,0.00000000,0.00000000,0.00000000
6.95599975,0.00000000,0.00000000,0.00000000
6.95999975,0.00000000,0.00000000,0.00000000
6.96399975,0.00000000,0.00000000,0.00000000
6.96799975,0.00000000,0.01605561,0.01605561
6.97199975,0.00000000,0.00000000,0.00000000
6.97599975,0.00000000,0.00000000,0.00000000
6.97999975,0.00000000,0.00000000,0.00000000
6.98399975,0.00000000,0.01605561,0.00000000
6.98799975,0.00000000,0.00000000,0.00000000
6.99199975,0.00000000,0.00000000,0.00000000
6.99599975,0.00000000,0.00000000,0.00000000
6.99999975,0.00000000,0.00000000,0.00000000
7.00399975,0.00000000,0.00000000,0.00000000
7.00799975,0.00000000,0.00000000,0.00000000
7.01199975,0.00000000,0.00000000,0.00000000
7.01599975,0.00000000,0.00000000,0.00000000
7.01999975,0.00000000,0.00000000,0.00000000
7.02399975,0.00000000,0.00000000,0.00000000
7.02799975,0.00000000,0.00000000,0.00000000
7.03199975,0.00000000,0.00000000,0.00000000
7.03599975,0.00000000,0.00000000,0.00000000
7.03999975,0.00000000,0.00000000,0.00000000
7.04399975,0.00000000,0.00000000,0.00000000
7.04799975,-0.01611713,0.01605561,0.00000000
7.05199975,0.00000000,0.00000000,0.00000000
7.05599975,0.00000000,0.01605561,0.00000000
7.05999975,0.00000000,0.01605561,0.00000000
7.06399975,0.00000000,0.00000000,0.00000000
7.06799975,0.00000000,0.00000000,0.00000000
7.07199974,0.00000000,0.00000000,0.00000000
7.07599974,0.00000000,0.00000000,0.00000000
7.07999974,0.00000000,0.00000000,0.00000000
7.08399974,0.00000000,0.00000000,0.01605561
7.08799974,0.00000000,0.00000000,0.00000000
7.09199974,0.00000000,0.01605561,0.00000000
7.09599974,0.00000000,0.01605561,0.00000000
7.09999974,0.00000000,0.00000000,0.00000000
7.10399974,-0.01611713,0.00000000,0.00000000
7.10799974,0.00000000,0.00000000,0.00000000
7.11199974,0.00000000,0.00000000,0.00000000
7.11599974,0.00000000,0.00000000,0.01605561
7.11999974,0.00000000,0.00000000,0.00000000
7.12399974,0.00000000,0.00000000,0.00000000
7.12799974,0.00000000,0.00000000,0.00000000
7.13199974,0.00000000,0.00000000,0.01605561
7.13599974,0.00000000,0.00000000,0.00000000
7.13999974,0.00000000,0.00000000,0.00000000
7.14399974,0.00000000,0.00000000,0.00000000
7.14799974,0.00000000,0.01605561,0.00000000
7.15199974,0.00000000,0.00000000,0.00000000
7.15599974,0.00000000,0.00000000,0.00000000
7.15999974,0.00000000,0.00000000,0.00000000
7.16399974,0.00000000,0.00000000,0.00000000
7.16799974,0.00000000,0.00000000,0.00000000
7.17199974,0.00000000,0.00000000,0.00000000
7.17599974,-0.01611713,0.01605561,0.00000000
7.17999974,0.00000000,0.00000000,0.00000000
7.18399974,0.00000000,0.00000000,0.00000000
7.18799974,0.00000000,0.00000000,0.00000000
7.19199974,0.00000000,0.00000000,0.00000000
7.19599974,0.00000000,0.00000000,0.00000000
7.19999974,0.00000000,0.00000000,0.00000000
7.20399974,0.00000000,0.00000000,0.00000000
7.20799974,0.00000000,0.00000000,0.00000000
7.21199974,0.00000000,0.00000000,0.00000000
7.21599974,0.00000000,0.00000000,0.00000000
7.21999974,0.00000000,0.00000000,0.00000000
7.22399974,0.00000000,0.00000000,0.00000000
7.22799974,-0.01611713,0.00000000,0.00000000
7.23199974,0.00000000,0.00000000,0.00000000
7.23599974,0.00000000,0.01605561,0.00000000
7.23999974,0.00000000,0.00000000,0.00000000
7.24399974,0.00000000,0.00000000,0.00000000
7.24799974,0.00000000,0.00000000,0.00000000
7.25199974,0.00000000,0.00000000,0.00000000
7.25599974,0.00000000,0.00000000,0.00000000
7.25999974,0.00000000,0.00000000,0.00000000
7.26399974,0.00000000,0.00000000,0.00000000
7.26799974,0.00000000,0.00000000,0.01605561
7.27199974,0.00000000,0.00000000,0.00000000
7.27599974,0.00000000,0.00000000,0.01605561
7.27999974,0.00000000,0.00000000,0.00000000
7.28399974,0.00000000,0.00000000,0.00000000
7.28799974,-0.01611713,0.00000000,0.00000000
7.29199974,0.00000000,0.00000000,0.00000000
7.29599974,0.00000000,0.00000000,0.00000000
7.29999974,0.00000000,0.00000000,0.00000000
7.30399974,0.00000000,0.00000000,0.00000000
7.30799974,0.00000000,0.00000000,0.00000000
7.31199974,0.00000000,0.01605561,0.00000000
7.31599974,0.00000000,0.00000000,0.00000000
7.31999974,0.00000000,0.01605561,0.00000000
7.32399974,0.00000000,0.00000000,0.00000000
7.32799974,0.00000000,0.00000000,0.00000000
7.33199974,0.00000000,0.00000000,0.00000000
7.33599974,-0.01611713,0.00000000,0.00000000
7.33999974,0.00000000,0.00000000,0.00000000
7.34399974,0.00000000,0.01605561,0.00000000
7.34799974,0.00000000,0.00000000,0.00000000
7.35199974,0.00000000,0.00000000,0.00000000
7.35599974,0.00000000,0.00000000,0.00000000
7.35999974,0.00000000,0.00000000,0.00000000
7.36399974,0.00000000,0.00000000,0.00000000
7.36799974,0.00000000,0.00000000,0.00000000
7.37199974,0.00000000,0.00000000,0.00000000
7.37599974,0.00000000,0.00000000,0.00000000
7.37999974,0.00000000,0.00000000,0.00000000
7.38399974,0.00000000,0.00000000,0.00000000
7.38799974,0.00000000,0.00000000,0.00000000
7.39199974,0.00000000,0.00000000,0.00000000
7.39599974,0.00000000,0.00000000,0.00000000
7.39999974,0.00000000,0.00000000,0.00000000
7.40399974,0.00000000,0.00000000,0.00000000
7.40799974,0.00000000,0.00000000,0.00000000
7.41199974,0.00000000,0.00000000,0.00000000
7.41599974,-0.01611713,0.01605561,0.00000000
7.41999974,0.00000000,0.00000000,0.00000000
7.42399973,0.00000000,0.00000000,0.00000000
7.42799973,0.00000000,0.00000000,0.00000000
7.43199973,0.00000000,0.00000000,0.00000000
7.43599973,0.00000000,0.00000000,0.00000000
7.43999973,0.00000000,0.00000000,0.00000000
7.44399973,0.00000000,0.00000000,0.00000000
7.44799973,0.00000000,0.00000000,0.00000000
7.45199973,0.00000000,0.00000000,0.00000000
7.45599973,0.00000000,0.00000000,0.00000000
7.45999973,0.00000000,0.00000000,0.00000000
7.46399973,0.00000000,0.00000000,0.00000000
7.46799973,0.00000000,0.01605561,0.00000000
7.47199973,0.00000000,0.01605561,0.00000000
7.47599973,0.00000000,0.00000000,0.00000000
7.47999973,0.00000000,0.00000000,0.00000000
7.48399973,0.00000000,0.00000000,0.00000000
7.48799973,0.00000000,0.00000000,0.00000000
7.49199973,0.00000000,0.00000000,0.00000000
7.49599973,0.00000000,0.00000000,0.00000000
7.49999973,0.00000000,0.00000000,0.00000000
7.50399973,0.00000000,0.00000000,0.00000000
7.50799973,0.00000000,0.00000000,0.00000000
7.51199973,0.00000000,0.00000000,0.00000000
7.51599973,0.00000000,0.00000000,0.00000000
7.51999973,0.00000000,0.00000000,0.00000000
7.52399973,0.00000000,0.00000000,0.00000000
7.52799973,0.00000000,0.00000000,0.00000000
7.53199973,-0.01611713,0.00000000,0.00000000
7.53599973,-0.01611713,0.00000000,0.00000000
7.53999973,0.00000000,0.00000000,0.00000000
7.54399973,0.00000000,0.01605561,0.00000000
7.54799973,0.00000000,0.00000000,0.00000000
7.55199973,0.00000000,0.01605561,0.00000000
7.55599973,0.00000000,0.00000000,0.00000000
7.55999973,-0.01611713,0.00000000,0.00000000
7.56399973,0.00000000,0.00000000,0.00000000
7.56799973,0.00000000,0.00000000,0.00000000
7.57199973,0.00000000,0.00000000,0.00000000
7.57599973,-0.01611713,0.00000000,0.00000000
7.57999973,0.00000000,0.00000000,0.00000000
7.58399973,0.00000000,0.00000000,0.00000000
7.58799973,0.00000000,0.00000000,0.00000000
7.59199973,0.00000000,0.00000000,0.00000000
7.59599973,0.00000000,0.00000000,0.00000000
7.59999973,0.00000000,0.00000000,0.00000000
7.60399973,0.00000000,0.00000000,0.00000000
7.60799973,0.00000000,0.00000000,0.00000000
7.61199973,0.00000000,0.00000000,0.00000000
7.61599973,0.00000000,0.00000000,0.00000000
7.61999973,0.00000000,0.00000000,0.00000000
7.62399973,0.00000000,0.00000000,0.00000000
7.62799973,0.00000000,0.00000000,0.00000000
7.63199973,0.00000000,0.00000000,0.00000000
7.63599973,0.00000000,0.00000000,0.00000000
7.63999973,0.00000000,0.00000000,0.00000000
7.64399973,0.00000000,0.00000000,0.00000000
7.64799973,0.00000000,0.01605561,0.00000000
7.65199973,0.00000000,0.00000000,0.00000000
7.65599973,0.00000000,0.00000000,0.00000000
7.65999973,0.00000000,0.00000000,0.00000000
7.66399973,0.00000000,0.00000000,0.00000000
7.66799973,-0.01611713,0.00000000,0.00000000
7.67199973,0.00000000,0.00000000,0.00000000
7.67599973,0.00000000,0.00000000,0.00000000
7.67999973,0.00000000,0.00000000,0.01605561
7.68399973,0.00000000,0.00000000,0.00000000
7.68799973,0.00000000,0.00000000,0.00000000
7.69199973,0.00000000,0.00000000,0.00000000
7.69599973,0.00000000,0.00000000,0.00000000
7.69999973,-0.01611713,0.00000000,0.00000000
7.70399973,0.00000000,0.00000000,0.00000000
7.70799973,0.00000000,0.00000000,0.00000000
7.71199973,0.00000000,0.01605561,0.00000000
7.71599973,0.00000000,0.00000000,0.00000000
7.71999973,0.00000000,0.00000000,0.00000000
7.72399973,0.00000000,0.00000000,0.00000000
7.72799973,0.00000000,0.00000000,0.00000000
7.73199973,0.00000000,0.00000000,0.00000000
7.73599973,0.00000000,0.00000000,0.00000000
7.73999973,0.00000000,0.00000000,0.00000000
7.74399973,0.00000000,0.01605561,0.00000000
7.74799973,0.00000000,0.00000000,0.00000000
7.75199973,0.00000000,0.00000000,0.00000000
7.75599973,0.00000000,0.00000000,0.00000000
7.75999973,0.00000000,0.00000000,0.00000000
7.76399973,0.00000000,0.01605561,0.00000000
7.76799973,0.00000000,0.00000000,0.00000000
7.77199973,-0.01611713,0.00000000,0.00000000
7.77599973,0.00000000,0.00000000,0.00000000
7.77999972,0.00000000,0.00000000,0.00000000
7.78399972,0.00000000,0.00000000,0.00000000
7.78799972,0.00000000,0.00000000,0.00000000
7.79199972,0.00000000,0.00000000,0.00000000
7.79599972,0.00000000,0.00000000,0.00000000
7.79999972,0.00000000,0.00000000,0.00000000
7.80399972,0.00000000,0.00000000,0.00000000
7.80799972,0.00000000,0.00000000,0.00000000
7.81199972,0.00000000,0.00000000,0.00000000
7.81599972,0.00000000,0.00000000,0.00000000
7.81999972,0.00000000,0.00000000,0.00000000
7.82399972,0.00000000,0.01605561,0.00000000
7.82799972,0.00000000,0.00000000,0.01605561
7.83199972,0.00000000,0.00000000,0.00000000
7.83599972,0.00000000,0.00000000,0.00000000
7.83999972,0.00000000,0.00000000,0.00000000
7.84399972,0.00000000,0.00000000,0.00000000
7.84799972,0.00000000,0.00000000,0.00000000
7.85199972,-0.01611713,0.00000000,0.00000000
7.85599972,0.00000000,0.00000000,0.00000000
7.85999972,0.00000000,0.00000000,0.00000000
7.86399972,0.00000000,0.00000000,0.00000000
7.86799972,-0.01611713,0.00000000,0.00000000
7.87199972,0.00000000,0.00000000,0.00000000
7.87599972,0.00000000,0.01605561,0.00000000
7.87999972,0.00000000,0.00000000,0.00000000
7.88399972,0.00000000,0.01605561,0.00000000
7.88799972,0.00000000,0.00000000,0.00000000
7.89199972,0.00000000,0.00000000,0.00000000
7.89599972,0.00000000,0.00000000,0.00000000
7.89999972,0.00000000,0.00000000,0.01605561
7.90399972,0.00000000,0.00000000,0.00000000
7.90799972,0.00000000,0.00000000,0.00000000
7.91199972,0.00000000,0.00000000,0.01605561
7.91599972,0.00000000,0.00000000,0.00000000
7.91999972,0.00000000,0.00000000,0.00000000
7.92399972,0.00000000,0.00000000,0.00000000
7.92799972,0.00000000,0.00000000,0.00000000
7.93199972,0.00000000,0.00000000,0.00000000
7.93599972,0.00000000,0.00000000,0.00000000
7.93999972,0.00000000,0.01605561,0.00000000
7.94399972,0.00000000,0.01605561,0.01605561
7.94799972,0.00000000,0.00000000,0.00000000
7.95199972,0.00000000,0.00000000,0.00000000
7.95599972,0.00000000,0.00000000,0.00000000
7.95999972,0.00000000,0.00000000,0.00000000
7.96399972,0.00000000,0.01605561,0.00000000
7.96799972,0.00000000,0.01605561,0.00000000
7.97199972,0.00000000,0.00000000,0.00000000
7.97599972,0.00000000,0.00000000,0.00000000
7.97999972,0.00000000,0.00000000,0.01605561
7.98399972,0.00000000,0.00000000,0.00000000
7.98799972,-0.01611713,0.00000000,0.00000000
7.99199972,0.00000000,0.00000000,0.00000000
7.99599972,0.00000000,0.00000000,0.00000000
7.99999972,0.00000000,0.00000000,0.00000000
8.00399972,0.00000000,0.00000000,0.00000000
8.00799972,0.00000000,0.00000000,0.00000000
8.01199972,0.00000000,0.00000000,0.00000000
8.01599972,0.00000000,0.00000000,0.00000000
8.01999972,0.00000000,0.00000000,0.00000000
8.02399972,0.00000000,0.00000000,0.00000000
8.02799972,0.00000000,0.00000000,0.00000000
8.03199972,0.00000000,0.00000000,0.01605561
8.03599972,0.00000000,0.01605561,0.00000000
8.03999972,0.00000000,0.00000000,0.00000000
8.04399972,0.00000000,0.00000000,0.00000000
8.04799972,0.00000000,0.00000000,0.00000000
8.05199972,0.00000000,0.00000000,0.00000000
8.05599972,0.00000000,0.00000000,0.00000000
8.05999972,0.00000000,0.00000000,0.00000000
8.06399972,0.00000000,0.00000000,0.00000000
8.06799972,0.00000000,0.01605561,0.00000000
8.07199972,0.00000000,0.00000000,0.01605561
8.07599972,0.00000000,0.00000000,0.00000000
8.07999972,0.00000000,0.00000000,0.00000000
8.08399972,0.00000000,0.01605561,0.00000000
8.08799972,0.00000000,0.00000000,0.00000000
8.09199972,0.00000000,0.01605561,0.00000000
8.09599972,0.00000000,0.01605561,0.00000000
8.09999972,0.00000000,0.00000000,0.00000000
8.10399972,0.00000000,0.00000000,0.00000000
8.10799972,0.00000000,0.00000000,0.00000000
8.11199972,0.00000000,0.00000000,0.00000000
8.11599972,0.00000000,0.00000000,0.00000000
8.11999972,-0.01611713,0.00000000,0.00000000
8.12399972,0.00000000,0.00000000,0.00000000
8.12799972,0.00000000,0.00000000,0.01605561
8.13199971,0.00000000,0.00000000,0.01605561
8.13599971,0.00000000,0.00000000,0.00000000
8.13999971,0.00000000,0.00000000,0.00000000
8.14399971,0.00000000,0.00000000,0.00000000
8.14799971,0.00000000,0.00000000,0.00000000
8.15199971,0.00000000,0.00000000,0.00000000
8.15599971,0.00000000,0.01605561,0.00000000
8.15999971,0.00000000,0.00000000,0.00000000
8.16399971,0.00000000,0.00000000,0.00000000
8.16799971,-0.01611713,0.00000000,0.00000000
8.17199971,0.00000000,0.01605561,0.00000000
8.17599971,0.00000000,0.00000000,0.00000000
8.17999971,0.00000000,0.00000000,0.01605561
8.18399971,0.00000000,0.00000000,0.00000000
8.18799971,0.00000000,0.00000000,0.00000000
8.19199971,0.00000000,0.00000000,0.00000000
8.19599971,0.00000000,0.00000000,0.00000000
8.19999971,0.00000000,0.00000000,0.01605561
8.20399971,0.00000000,0.00000000,0.00000000
8.20799971,0.00000000,0.00000000,0.00000000
8.21199971,0.00000000,0.00000000,0.00000000
8.21599971,0.00000000,0.00000000,0.00000000
8.21999971,0.00000000,0.00000000,0.00000000
8.22399971,0.00000000,0.00000000,0.00000000
8.22799971,0.00000000,0.00000000,0.00000000
8.23199971,0.00000000,0.00000000,0.00000000
8.23599971,0.00000000,0.01605561,0.00000000
8.23999971,0.00000000,0.00000000,0.00000000
8.24399971,-0.01611713,0.00000000,0.00000000
8.24799971,0.00000000,0.00000000,0.00000000
8.25199971,0.00000000,0.00000000,0.00000000
8.25599971,0.00000000,0.01605561,0.00000000
8.25999971,0.00000000,0.00000000,0.00000000
8.26399971,0.00000000,0.00000000,0.00000000
8.26799971,0.00000000,0.00000000,0.00000000
8.27199971,0.00000000,0.01605561,0.00000000
8.27599971,0.00000000,0.00000000,0.00000000
8.27999971,0.00000000,0.00000000,0.00000000
8.28399971,0.00000000,0.00000000,0.00000000
8.28799971,-0.01611713,0.00000000,0.00000000
8.29199971,0.00000000,0.00000000,0.00000000
8.29599971,0.00000000,0.00000000,0.00000000
8.29999971,0.00000000,0.00000000,0.00000000
8.30399971,0.00000000,0.01605561,0.01605561
8.30799971,0.00000000,0.00000000,0.00000000
8.31199971,0.00000000,0.00000000,0.00000000
8.31599971,0.00000000,0.00000000,0.00000000
8.31999971,0.00000000,0.00000000,0.00000000
8.32399971,0.00000000,0.00000000,0.00000000
8.32799971,0.00000000,0.00000000,0.00000000
8.33199971,0.00000000,0.01605561,0.00000000
8.33599971,0.00000000,0.00000000,0.00000000
8.33999971,0.00000000,0.00000000,0.00000000
8.34399971,0.00000000,0.00000000,0.00000000
8.34799971,0.00000000,0.00000000,0.00000000
8.35199971,0.00000000,0.00000000,0.00000000
8.35599971,0.00000000,0.00000000,0.00000000
8.35999971,0.00000000,0.00000000,0.00000000
8.36399971,0.00000000,0.00000000,0.00000000
8.36799971,0.00000000,0.00000000,0.00000000
8.37199971,0.00000000,0.00000000,0.00000000
8.37599971,0.00000000,0.01605561,0.00000000
8.37999971,0.00000000,0.01605561,0.00000000
8.38399971,0.00000000,0.00000000,0.00000000
8.38799971,0.00000000,0.00000000,0.00000000
8.39199971,0.00000000,0.00000000,0.00000000
8.39599971,-0.01611713,0.00000000,0.00000000
8.39999971,0.00000000,0.00000000,0.00000000
8.40399971,0.00000000,0.00000000,0.00000000
8.40799971,0.00000000,0.00000000,0.00000000
8.41199971,0.00000000,0.00000000,0.00000000
8.41599971,0.00000000,0.00000000,0.00000000
8.41999971,0.00000000,0.00000000,0.01605561
8.42399971,0.00000000,0.00000000,0.00000000
8.42799971,0.00000000,0.00000000,0.00000000
8.43199971,0.00000000,0.00000000,0.00000000
8.43599971,0.00000000,0.01605561,0.00000000
8.43999971,0.00000000,0.00000000,0.00000000
8.44399971,0.00000000,0.00000000,0.00000000
8.44799971,0.00000000,0.00000000,0.00000000
8.45199971,0.00000000,0.00000000,0.00000000
8.45599971,0.00000000,0.01605561,0.00000000
8.45999971,0.00000000,0.00000000,0.00000000
8.46399971,0.00000000,0.01605561,0.00000000
8.46799971,0.00000000,0.00000000,0.00000000
8.47199971,0.00000000,0.00000000,0.00000000
8.47599971,0.00000000,0.00000000,0.00000000
8.47999971,0.00000000,0.00000000,0.00000000
8.48399970,0.00000000,0.00000000,0.00000000
8.48799970,0.00000000,0.00000000,0.00000000
8.49199970,0.00000000,0.00000000,0.00000000
8.49599970,0.00000000,0.00000000,0.00000000
8.49999970,-0.01611713,0.00000000,0.00000000
8.50399970,0.00000000,0.01605561,0.00000000
8.50799970,-0.01611713,0.00000000,0.00000000
8.51199970,0.00000000,0.01605561,0.00000000
8.51599970,0.00000000,0.00000000,0.00000000
8.51999970,0.00000000,0.01605561,0.00000000
8.52399970,0.00000000,0.00000000,0.00000000
8.52799970,0.00000000,0.00000000,0.00000000
8.53199970,0.00000000,0.00000000,0.00000000
8.53599970,0.00000000,0.00000000,0.00000000
8.53999970,0.00000000,0.00000000,0.00000000
8.54399970,0.00000000,0.00000000,0.00000000
8.54799970,0.00000000,0.00000000,0.00000000
8.55199970,0.00000000,0.00000000,0.00000000
8.55599970,0.00000000,0.00000000,0.00000000
8.55999970,0.00000000,0.00000000,0.00000000
8.56399970,0.00000000,0.00000000,0.00000000
8.56799970,0.00000000,0.00000000,0.00000000
8.57199970,0.00000000,0.00000000,0.00000000
8.57599970,0.00000000,0.00000000,0.00000000
8.57999970,0.00000000,0.00000000,0.00000000
8.58399970,-0.01611713,0.00000000,0.00000000
8.58799970,0.00000000,0.00000000,0.00000000
8.59199970,0.00000000,0.00000000,0.00000000
8.59599970,0.00000000,0.00000000,0.00000000
8.59999970,0.00000000,0.00000000,0.00000000
8.60399970,0.00000000,0.00000000,0.00000000
8.60799970,0.00000000,0.00000000,0.00000000
8.61199970,0.00000000,0.00000000,0.00000000
8.61599970,0.00000000,0.00000000,0.00000000
8.61999970,0.00000000,0.00000000,0.00000000
8.62399970,0.00000000,0.01605561,0.00000000
8.62799970,0.00000000,0.01605561,0.00000000
8.63199970,0.00000000,0.00000000,0.00000000
8.63599970,0.00000000,0.00000000,0.00000000
8.63999970,0.00000000,0.00000000,0.00000000
8.64399970,-0.01611713,0.00000000,0.00000000
8.64799970,0.00000000,0.00000000,0.01605561
8.65199970,0.00000000,0.00000000,0.00000000
8.65599970,0.00000000,0.01605561,0.00000000
8.65999970,0.00000000,0.00000000,0.00000000
8.66399970,0.00000000,0.00000000,0.00000000
8.66799970,0.00000000,0.00000000,0.00000000
8.67199970,0.00000000,0.00000000,0.00000000
8.67599970,0.00000000,0.00000000,0.00000000
8.67999970,0.00000000,0.00000000,0.00000000
8.68399970,-0.01611713,0.00000000,0.00000000
8.68799970,0.00000000,0.00000000,0.00000000
8.69199970,0.00000000,0.01605561,0.00000000
8.69599970,0.00000000,0.01605561,0.00000000
8.69999970,0.00000000,0.01605561,0.00000000
8.70399970,0.00000000,0.00000000,0.00000000
8.70799970,0.00000000,0.00000000,0.00000000
8.71199970,0.00000000,0.00000000,0.00000000
8.71599970,0.00000000,0.00000000,0.00000000
8.71999970,0.00000000,0.01605561,0.00000000
8.72399970,0.00000000,0.00000000,0.00000000
8.72799970,0.00000000,0.01605561,0.00000000
8.73199970,0.00000000,0.01605561,0.00000000
8.73599970,0.00000000,0.00000000,0.00000000
8.73999970,0.00000000,0.00000000,0.00000000
8.74399970,0.00000000,0.00000000,0.00000000
8.74799970,0.00000000,0.00000000,0.00000000
8.75199970,0.00000000,0.01605561,0.00000000
8.75599970,0.00000000,0.00000000,0.00000000
8.75999970,0.00000000,0.00000000,0.00000000
8.76399970,0.00000000,0.00000000,0.00000000
8.76799970,0.00000000,0.00000000,0.00000000
8.77199970,0.00000000,0.00000000,0.00000000
8.77599970,0.00000000,0.01605561,0.00000000
8.77999970,0.00000000,0.00000000,0.00000000
8.78399970,0.00000000,0.00000000,0.00000000
8.78799970,0.00000000,0.00000000,0.00000000
8.79199970,0.00000000,0.00000000,0.00000000
8.79599970,0.00000000,0.00000000,0.00000000
8.79999970,0.00000000,0.00000000,0.00000000
8.80399970,0.00000000,0.00000000,0.01605561
8.80799970,0.00000000,0.00000000,0.00000000
8.81199970,0.00000000,0.00000000,0.00000000
8.81599970,0.00000000,0.00000000,0.00000000
8.81999970,0.00000000,0.00000000,0.00000000
8.82399970,0.00000000,0.00000000,0.00000000
8.82799970,0.00000000,0.00000000,0.00000000
8.83199970,0.00000000,0.00000000,0.00000000
8.83599970,0.00000000,0.00000000,0.00000000
8.83999969,0.00000000,0.00000000,0.00000000
8.84399969,0.00000000,0.01605561,0.00000000
8.84799969,0.00000000,0.00000000,0.00000000
8.85199969,0.00000000,0.01605561,0.00000000
8.85599969,0.00000000,0.00000000,0.00000000
8.85999969,0.00000000,0.00000000,0.00000000
8.86399969,0.00000000,0.01605561,0.00000000
8.86799969,0.00000000,0.00000000,0.01605561
8.87199969,0.00000000,0.00000000,0.00000000
8.87599969,0.00000000,0.00000000,0.00000000
8.87999969,0.00000000,0.01605561,0.00000000
8.88399969,0.00000000,0.00000000,0.00000000
8.88799969,0.00000000,0.00000000,0.00000000
8.89199969,0.00000000,0.00000000,0.00000000
8.89599969,-0.01611713,0.01605561,0.00000000
8.89999969,0.00000000,0.00000000,0.00000000
8.90399969,0.00000000,0.00000000,0.00000000
8.90799969,0.00000000,0.00000000,0.00000000
8.91199969,0.00000000,0.00000000,0.00000000
8.91599969,-0.01611713,0.00000000,0.00000000
8.91999969,0.00000000,0.01605561,0.00000000
8.92399969,-0.01611713,0.00000000,0.00000000
8.92799969,0.00000000,0.00000000,0.00000000
8.93199969,0.00000000,0.00000000,0.00000000
8.93599969,0.00000000,0.00000000,0.00000000
8.93999969,0.00000000,0.00000000,0.00000000
8.94399969,0.00000000,0.00000000,0.00000000
8.94799969,0.00000000,0.01605561,0.00000000
8.95199969,-0.01611713,0.00000000,0.00000000
8.95599969,-0.01611713,0.00000000,0.00000000
8.95999969,0.00000000,0.00000000,0.00000000
8.96399969,0.00000000,0.01605561,0.00000000
8.96799969,0.00000000,0.00000000,0.00000000
8.97199969,0.00000000,0.00000000,0.00000000
8.97599969,0.00000000,0.00000000,0.00000000
8.97999969,0.00000000,0.00000000,0.00000000
8.98399969,0.00000000,0.00000000,0.00000000
8.98799969,0.00000000,0.00000000,0.00000000
8.99199969,0.00000000,0.00000000,0.00000000
8.99599969,0.00000000,0.00000000,0.00000000
8.99999969,0.00000000,0.00000000,0.00000000
9.00399969,0.00000000,0.01605561,0.00000000
